2006	ABE	27690	109248	5020	0	0
2006	ABI	6261	49480	2772	0	0
2006	ABQ	139226	611623	36801	0	0
2006	ABY	19407	27898	1318	0	0
2006	ACK	7970	6521	205	0	0
2006	ACT	-2789	48266	2377	0	0
2006	ACV	46320	46615	3517	0	0
2006	ACY	3948	14300	745	0	0
2006	ADK	2705	815	82	0	0
2006	ADQ	3591	5662	558	0	0
2006	AEX	29655	68894	2730	0	0
2006	AGS	29271	52080	2219	0	0
2006	AKN	6157	3350	336	0	0
2006	ALB	99221	293063	14473	0	0
2006	AMA	45037	129049	8278	0	0
2006	ANC	151045	364077	19521	0	0
2006	APF	4470	18140	780	0	0
2006	ASE	41369	64054	3433	0	0
2006	ATL	5336871	14834477	400434	0	0
2006	ATW	45452	82834	4109	0	0
2006	AUS	280713	823358	44070	0	0
2006	AVL	40617	72460	2975	0	0
2006	AVP	30676	52253	2512	0	0
2006	AZO	16812	94793	4595	0	0
2006	BDL	176555	665717	32241	0	0
2006	BET	11415	11991	1096	0	0
2006	BFL	44903	104559	5613	0	0
2006	BGM	591	14141	647	0	0
2006	BGR	51297	87419	4164	0	0
2006	BHM	160665	370455	18821	0	0
2006	BIL	9076	77077	4628	0	0
2006	BIS	7528	42629	2316	0	0
2006	BLI	-1275	6628	394	0	0
2006	BMI	70691	98959	4316	0	0
2006	BNA	450142	1100545	59628	0	0
2006	BOI	64148	270367	16977	0	0
2006	BOS	1143205	3300037	127314	0	0
2006	BPT	3593	8017	354	0	0
2006	BQK	11555	17700	961	0	0
2006	BQN	-3681	24781	1248	0	0
2006	BRO	22089	57475	2265	0	0
2006	BRW	4162	5632	646	0	0
2006	BTM	-2541	12275	776	0	0
2006	BTR	139146	244968	11142	0	0
2006	BTV	89769	160089	6673	0	0
2006	BUF	285270	559885	26794	0	0
2006	BUR	167622	540247	31458	0	0
2006	BWI	670102	1920088	106292	0	0
2006	BZN	17738	96938	4727	0	0
2006	CAE	152536	260817	10966	0	0
2006	CAK	68646	188020	9302	0	0
2006	CDC	-229	5812	351	0	0
2006	CDV	744	8387	710	0	0
2006	CEC	16793	13429	957	0	0
2006	CHA	32433	90789	4557	0	0
2006	CHO	3644	33369	1924	0	0
2006	CHS	111450	271199	11825	0	0
2006	CIC	20387	19415	1234	0	0
2006	CID	79498	170732	8470	0	0
2006	CKB	-5	16	1	0	0
2006	CLD	16993	43108	2759	0	0
2006	CLE	499822	1974606	85123	0	0
2006	CLL	4459	36268	1704	0	0
2006	CLT	1071110	2895519	115603	0	0
2006	CMH	352435	725320	35008	0	0
2006	CMI	31571	66966	3149	0	0
2006	COD	-8055	22108	1308	0	0
2006	COS	117019	391986	16578	0	0
2006	CPR	13547	53077	3169	0	0
2006	CRP	77686	181304	8987	0	0
2006	CRW	25717	84505	3992	0	0
2006	CSG	11735	23994	1260	0	0
2006	CVG	571080	2641537	124568	0	0
2006	CWA	18002	23360	1161	0	0
2006	DAB	48256	83354	3474	0	0
2006	DAL	293844	663079	48680	0	0
2006	DAY	95709	300521	13216	0	0
2006	DBQ	12706	26139	1347	0	0
2006	DCA	661926	2178114	91982	0	0
2006	DEN	2155769	4670456	227638	0	0
2006	DFW	2921368	6693562	295110	0	0
2006	DHN	25918	35172	1661	0	0
2006	DLG	2766	1934	212	0	0
2006	DLH	2811	19013	988	0	0
2006	DRO	14523	78054	4004	0	0
2006	DSM	114641	280443	13032	0	0
2006	DTW	1484782	3277727	126128	0	0
2006	EGE	24903	77377	2903	0	0
2006	EKO	-7780	23047	1699	0	0
2006	ELP	79342	374790	22202	0	0
2006	ERI	-4577	14952	881	0	0
2006	EUG	33041	96310	6197	0	0
2006	EVV	33167	75911	3823	0	0
2006	EWR	2445571	5584042	153388	0	0
2006	EYW	15134	19564	978	0	0
2006	FAI	21083	74509	4812	0	0
2006	FAR	34819	98663	4755	0	0
2006	FAT	103391	252689	14635	0	0
2006	FAY	29471	38922	1521	0	0
2006	FCA	2114	44540	2598	0	0
2006	FLG	7253	28831	1647	0	0
2006	FLL	415519	1554862	66833	0	0
2006	FLO	5404	13950	715	0	0
2006	FNT	59309	156039	6893	0	0
2006	FSD	58947	123111	6025	0	0
2006	FSM	10982	32552	1744	0	0
2006	FWA	51001	104359	4846	0	0
2006	GEG	37202	225017	13997	0	0
2006	GFK	4203	14236	802	0	0
2006	GGG	2506	21221	1064	0	0
2006	GJT	26480	82171	4612	0	0
2006	GNV	29729	39534	1815	0	0
2006	GPT	88946	152972	6760	0	0
2006	GRB	62347	149178	7385	0	0
2006	GRK	32181	106610	5011	0	0
2006	GRR	98060	361675	15914	0	0
2006	GSO	146221	328589	13561	0	0
2006	GSP	87713	251859	10803	0	0
2006	GST	388	1136	81	0	0
2006	GTF	-11661	54846	3411	0	0
2006	GTR	8004	15782	814	0	0
2006	GUC	3741	24849	1199	0	0
2006	HDN	20954	58127	2427	0	0
2006	HKY	140	659	37	0	0
2006	HLN	-2764	24565	1623	0	0
2006	HNL	28641	1089009	60471	0	0
2006	HOU	374233	724693	54171	0	0
2006	HPN	88118	190875	6664	0	0
2006	HRL	33348	83931	5747	0	0
2006	HSV	61562	164234	7418	0	0
2006	HTS	-2946	7874	630	0	0
2006	HVN	-18	51	3	0	0
2006	IAD	1049025	2336619	93540	0	0
2006	IAH	2237714	6141650	221110	0	0
2006	ICT	107683	277687	12262	0	0
2006	IDA	-51	46978	2722	0	0
2006	ILG	6530	7784	296	0	0
2006	ILM	32806	66446	3346	0	0
2006	IND	194865	835970	37103	0	0
2006	IPL	17081	16270	1159	0	0
2006	ISO	12065	17142	690	0	0
2006	ISP	-235	154639	11691	0	0
2006	ITO	-15665	79352	7219	0	0
2006	IYK	659	18929	959	0	0
2006	JAC	28051	83404	3644	0	0
2006	JAN	85418	202308	11045	0	0
2006	JAX	217555	617864	31192	0	0
2006	JFK	1636119	4228071	107970	0	0
2006	JNU	45563	77179	4297	0	0
2006	KOA	4736	179734	13104	0	0
2006	KTN	16168	38568	2323	0	0
2006	LAN	30136	99307	4708	0	0
2006	LAS	1470834	4075987	182747	0	0
2006	LAW	1116	42507	2096	0	0
2006	LAX	1341989	4789339	230381	0	0
2006	LBB	53638	141643	9170	0	0
2006	LCH	17190	39585	1347	0	0
2006	LEX	84121	203738	9143	0	0
2006	LFT	50452	131949	5206	0	0
2006	LGA	1520967	4187387	122463	0	0
2006	LGB	15882	267898	12780	0	0
2006	LIH	-25438	144706	13831	0	0
2006	LIT	146398	317625	16628	0	0
2006	LNK	36402	56373	2796	0	0
2006	LRD	17166	54386	2694	0	0
2006	LSE	15479	34193	1622	0	0
2006	LWB	3572	5873	193	0	0
2006	LWS	-1326	12429	724	0	0
2006	LYH	7182	19872	1011	0	0
2006	MAF	50161	125085	8419	0	0
2006	MBS	25321	67983	2952	0	0
2006	MCI	324753	1007513	55252	0	0
2006	MCN	9203	23040	1040	0	0
2006	MCO	801119	2387948	117838	0	0
2006	MDT	66928	166028	7646	0	0
2006	MDW	880261	1790318	99532	0	0
2006	MEI	10526	23500	935	0	0
2006	MEM	477541	1158919	46377	0	0
2006	MFE	45914	101816	4773	0	0
2006	MFR	74568	90552	6089	0	0
2006	MGM	42485	75019	3195	0	0
2006	MHT	151889	410224	20921	0	0
2006	MIA	674451	1585257	65230	0	0
2006	MKE	169521	547136	22829	0	0
2006	MLB	25579	51002	2206	0	0
2006	MLI	73238	137731	6083	0	0
2006	MLU	27730	52104	2174	0	0
2006	MOB	55818	121904	5389	0	0
2006	MOD	40846	37072	2223	0	0
2006	MOT	-1204	19161	1081	0	0
2006	MQT	8037	14165	917	0	0
2006	MRY	51980	135948	7972	0	0
2006	MSN	124437	287427	12513	0	0
2006	MSO	4938	71512	4006	0	0
2006	MSP	978642	3124505	124974	0	0
2006	MSY	227680	556350	29550	0	0
2006	MTJ	10778	50507	2650	0	0
2006	MYR	53713	139216	6980	0	0
2006	OAJ	712	1336	58	0	0
2006	OAK	383264	1177962	73761	0	0
2006	OGG	7996	318776	23609	0	0
2006	OKC	161404	417194	21631	0	0
2006	OMA	143231	454339	22691	0	0
2006	OME	8082	9655	1035	0	0
2006	ONT	188335	594927	35867	0	0
2006	ORD	5916624	9098501	360055	0	0
2006	ORF	185501	407455	19694	0	0
2006	OTZ	8926	9717	1018	0	0
2006	OXR	1190	28345	1555	0	0
2006	PBI	232260	597102	27994	0	0
2006	PDX	252298	989168	57227	0	0
2006	PFN	41860	61558	2509	0	0
2006	PHF	69263	139121	5979	0	0
2006	PHL	1286687	3168297	106119	0	0
2006	PHX	1153259	4394523	212634	0	0
2006	PIA	58491	103467	4433	0	0
2006	PIH	-10169	28330	1802	0	0
2006	PIT	406081	1066352	46492	0	0
2006	PNS	98720	206989	9977	0	0
2006	PSC	322	37103	2294	0	0
2006	PSE	1295	12960	572	0	0
2006	PSG	7568	8022	695	0	0
2006	PSP	77817	235446	12981	0	0
2006	PVD	117339	491116	26070	0	0
2006	PWM	89212	178752	7262	0	0
2006	RAP	17572	90664	4821	0	0
2006	RDD	29222	30270	1972	0	0
2006	RDM	25910	54124	3678	0	0
2006	RDU	564482	1218522	56672	0	0
2006	RFD	-837	11828	565	0	0
2006	RIC	230866	446036	18670	0	0
2006	RNO	159649	427414	26345	0	0
2006	ROA	55546	92009	4031	0	0
2006	ROC	182165	388861	17129	0	0
2006	RST	26869	47830	2435	0	0
2006	RSW	183858	545259	26163	0	0
2006	SAN	345257	1783981	91586	0	0
2006	SAT	225005	745060	42288	0	0
2006	SAV	153040	297561	12903	0	0
2006	SBA	76663	242511	14348	0	0
2006	SBN	17521	26656	1311	0	0
2006	SBP	53700	125183	6778	0	0
2006	SCC	2436	5305	534	0	0
2006	SCE	-3390	14462	994	0	0
2006	SDF	191131	386392	18887	0	0
2006	SEA	987444	2311604	106401	0	0
2006	SFO	1234712	2902282	129245	0	0
2006	SGF	118644	186974	8944	0	0
2006	SGU	790	52594	3433	0	0
2006	SHV	58605	144448	6988	0	0
2006	SIT	4448	21467	1289	0	0
2006	SJC	274544	1091360	60314	0	0
2006	SJT	6674	28722	1742	0	0
2006	SJU	156116	615998	24863	0	0
2006	SLC	631333	3294548	140768	0	0
2006	SMF	265041	838511	53218	0	0
2006	SMX	10930	34314	1715	0	0
2006	SNA	197999	999474	50868	0	0
2006	SOP	1317	2582	122	0	0
2006	SPI	24089	36721	1632	0	0
2006	SPS	1524	50267	2306	0	0
2006	SRQ	46474	159336	7408	0	0
2006	STL	384158	1182923	63175	0	0
2006	STT	8892	59795	2917	0	0
2006	STX	1595	7440	383	0	0
2006	SUN	-1051	43686	2936	0	0
2006	SWF	16250	24890	1077	0	0
2006	SYR	86403	282095	12121	0	0
2006	TEX	1925	4733	240	0	0
2006	TLH	32866	68744	3124	0	0
2006	TOL	19277	68970	3504	0	0
2006	TPA	440552	1450401	75322	0	0
2006	TRI	10910	27647	1384	0	0
2006	TTN	265	1215	49	0	0
2006	TUL	161320	406567	21258	0	0
2006	TUP	4313	14518	711	0	0
2006	TUS	112157	460693	24764	0	0
2006	TVC	45275	80222	3674	0	0
2006	TWF	-3019	32850	2074	0	0
2006	TXK	3359	19583	1064	0	0
2006	TYR	1327	34047	1681	0	0
2006	TYS	71019	220094	9695	0	0
2006	VLD	14643	23442	1110	0	0
2006	VPS	66554	145402	6262	0	0
2006	WRG	4833	8688	698	0	0
2006	WYS	-726	3736	261	0	0
2006	XNA	141220	250460	11031	0	0
2006	YAK	-1330	7238	695	0	0
2006	YUM	31371	57767	3250	0	0
