2001	ABE	16326	96975	4983	0	0
2001	ABI	498	52137	2434	0	0
2001	ABQ	130457	547796	35463	0	0
2001	ACT	2982	58712	2564	0	0
2001	ACY	98	19	1	0	0
2001	ADQ	6906	7604	681	0	0
2001	AKN	2811	2836	268	0	0
2001	ALB	52372	293317	15695	0	0
2001	AMA	23938	91222	5931	0	0
2001	ANC	189545	364658	20409	0	0
2001	APF	2638	6208	342	0	0
2001	ATL	1708264	6006677	241478	0	0
2001	AUS	112737	702971	41673	0	0
2001	AVL	2680	27738	1511	0	0
2001	AVP	1250	21980	1388	0	0
2001	AZO	8372	43604	2466	0	0
2001	BDL	108034	715618	34583	0	0
2001	BET	9249	11785	1106	0	0
2001	BFL	11477	28114	1550	0	0
2001	BGM	825	6211	367	0	0
2001	BGR	32415	64997	3341	0	0
2001	BHM	54297	285096	18334	0	0
2001	BIL	-3890	53348	3037	0	0
2001	BIS	-4180	20273	1359	0	0
2001	BMI	6541	24298	1309	0	0
2001	BNA	156186	895523	54927	0	0
2001	BOI	48126	164774	11810	0	0
2001	BOS	779485	3191005	122075	0	0
2001	BPT	1756	38536	1661	0	0
2001	BQN	-1724	5421	251	0	0
2001	BRO	152	3981	248	0	0
2001	BRW	4259	7286	793	0	0
2001	BTR	21073	99827	4837	0	0
2001	BTV	29954	77694	4144	0	0
2001	BUF	60124	373119	19392	0	0
2001	BUR	174402	372237	25889	0	0
2001	BWI	542276	1705741	97222	0	0
2001	BZN	2475	30602	1630	0	0
2001	CAE	6240	68713	3279	0	0
2001	CAK	1756	14489	878	0	0
2001	CDV	8004	7750	706	0	0
2001	CHA	2877	29283	1748	0	0
2001	CHS	10624	117569	5833	0	0
2001	CID	10167	120004	6703	0	0
2001	CLE	96323	1151500	51569	0	0
2001	CLL	1459	54639	2439	0	0
2001	CLT	503034	2779055	123408	0	0
2001	CMH	127554	723309	37497	0	0
2001	CMI	15780	30474	1681	0	0
2001	COS	40686	253424	10639	0	0
2001	CRP	33584	81257	5137	0	0
2001	CRW	1482	11117	768	0	0
2001	CVG	201143	1463498	63806	0	0
2001	DAB	13805	38745	1765	0	0
2001	DAL	298294	518700	46201	0	0
2001	DAY	35914	229543	10573	0	0
2001	DBQ	5614	21209	1199	0	0
2001	DCA	137507	1761644	74798	0	0
2001	DEN	1304743	2766352	127061	0	0
2001	DFW	1996097	7398456	298276	0	0
2001	DLG	2671	2445	244	0	0
2001	DLH	8005	32243	1811	0	0
2001	DRO	2000	3276	132	0	0
2001	DSM	36847	157753	8410	0	0
2001	DTW	776237	3620607	143243	0	0
2001	DUT	9359	4932	497	0	0
2001	EGE	10213	33028	1086	0	0
2001	ELM	-1043	13757	938	0	0
2001	ELP	90367	319207	21093	0	0
2001	ERI	-787	21041	1364	0	0
2001	EUG	13156	27110	1849	0	0
2001	EVV	11944	28261	1622	0	0
2001	EWR	476778	3815434	113794	0	0
2001	EYW	18018	49415	2602	0	0
2001	FAI	38997	77215	5226	0	0
2001	FAR	-1489	28087	1692	0	0
2001	FAT	24559	65949	3562	0	0
2001	FAY	-112	6677	485	0	0
2001	FCA	2581	24270	1524	0	0
2001	FLL	325705	1155008	51599	0	0
2001	FNT	-1571	23849	1100	0	0
2001	FSD	1858	55184	2936	0	0
2001	FSM	-4707	58499	2734	0	0
2001	FWA	11582	47147	2447	0	0
2001	GEG	68898	189010	12146	0	0
2001	GFK	2276	8116	555	0	0
2001	GGG	-3487	35749	1648	0	0
2001	GPT	498	11164	836	0	0
2001	GRB	2308	69395	3743	0	0
2001	GRR	33237	208541	10493	0	0
2001	GSO	50355	314798	14209	0	0
2001	GSP	18772	148014	6800	0	0
2001	GST	438	978	90	0	0
2001	GTF	-8931	30848	2170	0	0
2001	GUC	1761	5287	224	0	0
2001	HDN	8443	13852	578	0	0
2001	HLN	-1157	12274	826	0	0
2001	HNL	154100	560918	33518	0	0
2001	HOU	401286	723205	57191	0	0
2001	HPN	44551	152996	6581	0	0
2001	HRL	30013	54480	4841	0	0
2001	HSV	1742	108555	5335	0	0
2001	IAD	283983	1245638	52091	0	0
2001	IAH	602494	3162120	125061	0	0
2001	ICT	27965	160909	7557	0	0
2001	ILE	5658	70084	2956	0	0
2001	ILM	1367	32742	2057	0	0
2001	IND	161100	734688	36539	0	0
2001	ISP	31915	157892	11376	0	0
2001	ITH	-2008	15186	934	0	0
2001	ITO	12349	37323	4015	0	0
2001	JAC	9380	20350	780	0	0
2001	JAN	33728	146171	8895	0	0
2001	JAX	102061	465923	25685	0	0
2001	JFK	525665	1840815	57620	0	0
2001	JNU	59776	70321	4404	0	0
2001	KOA	47029	80077	7355	0	0
2001	KTN	25032	36931	2436	0	0
2001	LAN	-2792	42630	2511	0	0
2001	LAS	909111	2630652	132794	0	0
2001	LAW	3423	53239	2200	0	0
2001	LAX	1221463	4613394	215108	0	0
2001	LBB	29050	118243	7969	0	0
2001	LEX	-5180	53163	2851	0	0
2001	LFT	6551	49370	2052	0	0
2001	LGA	61214	3457382	106678	0	0
2001	LGB	11729	62318	2722	0	0
2001	LIH	18985	62885	7642	0	0
2001	LIT	33900	250880	15275	0	0
2001	LNK	8770	24670	1378	0	0
2001	LRD	7414	34677	1449	0	0
2001	LSE	6324	27070	1637	0	0
2001	LWB	117	865	75	0	0
2001	MAF	35949	104650	7203	0	0
2001	MAZ	796	2239	110	0	0
2001	MBS	-2083	50910	2835	0	0
2001	MCI	192974	1036366	59551	0	0
2001	MCO	393672	1994391	96115	0	0
2001	MDT	18898	121644	6472	0	0
2001	MDW	285691	772218	49242	0	0
2001	MEM	280040	1152360	53339	0	0
2001	MFE	10106	62893	3284	0	0
2001	MFR	7945	20789	1320	0	0
2001	MHT	46978	279561	15495	0	0
2001	MIA	578637	1922523	73180	0	0
2001	MKE	31243	350232	17116	0	0
2001	MLB	10026	35092	1628	0	0
2001	MLI	3843	29979	1981	0	0
2001	MLU	2367	26857	1530	0	0
2001	MOB	13179	59894	3140	0	0
2001	MOT	-2140	16161	1069	0	0
2001	MQT	2483	5547	274	0	0
2001	MRY	17970	40174	2214	0	0
2001	MSN	8007	121781	6040	0	0
2001	MSO	4460	32498	1875	0	0
2001	MSP	725053	3537435	137293	0	0
2001	MSY	204157	797396	49850	0	0
2001	MTJ	-55	6189	262	0	0
2001	MYR	-513	47533	2796	0	0
2001	OAK	444471	917338	61169	0	0
2001	OGG	84647	164787	14239	0	0
2001	OKC	98055	343224	21065	0	0
2001	OMA	82218	316774	18226	0	0
2001	OME	10809	10654	956	0	0
2001	ONT	180554	497812	34778	0	0
2001	ORD	2869328	7980968	321784	0	0
2001	ORF	64221	349241	17755	0	0
2001	ORH	3243	17855	834	0	0
2001	OTZ	10969	9687	918	0	0
2001	PBI	117754	511582	25166	0	0
2001	PDX	259597	921924	53474	0	0
2001	PHL	738320	3242985	113264	0	0
2001	PHX	1321320	3563862	179240	0	0
2001	PIA	6991	29391	1630	0	0
2001	PIT	424921	2256280	102176	0	0
2001	PNS	1830	94918	5012	0	0
2001	PSC	602	16650	1054	0	0
2001	PSG	11320	6692	663	0	0
2001	PSP	56564	137652	7436	0	0
2001	PVD	103196	529640	28596	0	0
2001	PWM	53018	178675	9116	0	0
2001	RAP	2050	20430	1293	0	0
2001	RDR	-159	629	46	0	0
2001	RDU	128857	743994	37628	0	0
2001	RIC	73068	356829	17340	0	0
2001	RNO	156646	393493	25383	0	0
2001	ROA	4557	25352	1529	0	0
2001	ROC	89059	303720	14251	0	0
2001	RST	3978	37841	2074	0	0
2001	RSW	69562	373860	17329	0	0
2001	SAN	505787	1502046	79100	0	0
2001	SAT	129909	593370	36158	0	0
2001	SAV	16884	135472	6432	0	0
2001	SBA	36146	85516	5429	0	0
2001	SBN	1714	20759	1258	0	0
2001	SBP	20535	44618	2353	0	0
2001	SCC	3453	4591	442	0	0
2001	SDF	67641	335642	20612	0	0
2001	SEA	826508	2074952	99323	0	0
2001	SFO	698779	2720988	115255	0	0
2001	SGF	13608	96361	4816	0	0
2001	SHV	17993	114929	5730	0	0
2001	SIT	12098	18512	1349	0	0
2001	SJC	456918	1465785	69776	0	0
2001	SJT	-3733	49591	2128	0	0
2001	SJU	171398	626344	25633	0	0
2001	SLC	408388	1731547	74307	0	0
2001	SMF	241691	577108	39368	0	0
2001	SNA	246873	858006	41506	0	0
2001	SPS	4192	48370	1886	0	0
2001	SRQ	10873	86941	4414	0	0
2001	STL	784060	3566040	157835	0	0
2001	STT	9772	69908	3283	0	0
2001	STX	3177	20767	882	0	0
2001	SUX	23	3715	263	0	0
2001	SWF	4663	25307	1117	0	0
2001	SYR	27475	229172	10600	0	0
2001	TLH	5620	29351	1435	0	0
2001	TOL	4819	38986	2092	0	0
2001	TPA	307926	1263316	66784	0	0
2001	TRI	-544	6883	527	0	0
2001	TUL	73226	386214	21965	0	0
2001	TUS	74754	341240	19030	0	0
2001	TVC	16226	44460	2427	0	0
2001	TXK	-4079	35412	1619	0	0
2001	TYR	5897	68102	3017	0	0
2001	TYS	4178	115510	5376	0	0
2001	VPS	2428	27502	1679	0	0
2001	WRG	8848	6223	674	0	0
2001	XNA	35491	111615	5459	0	0
2001	YAK	7307	7211	704	0	0
