2007	ABE	45225	124878	5486	0	0
2007	ABI	30131	52800	2724	0	0
2007	ABQ	210497	703307	40688	0	0
2007	ABY	15014	25139	1283	0	0
2007	ACK	12774	8381	277	0	0
2007	ACT	15501	47475	2229	0	0
2007	ACV	54114	57666	3734	0	0
2007	ACY	12445	17773	698	0	0
2007	ADK	-658	988	89	0	0
2007	ADQ	5860	6678	634	0	0
2007	AEX	30143	68813	2894	0	0
2007	AGS	33641	49205	2216	0	0
2007	AKN	4299	1964	219	0	0
2007	ALB	154513	321223	14576	0	0
2007	ALO	3832	6999	266	0	0
2007	AMA	64202	114529	7314	0	0
2007	ANC	170789	372279	19303	0	0
2007	APF	9154	13301	534	0	0
2007	ASE	52593	95850	4748	0	0
2007	ATL	5008096	10519063	406136	0	0
2007	ATW	65577	134370	5825	0	0
2007	AUS	319691	985186	50617	0	0
2007	AVL	57430	93891	3640	0	0
2007	AVP	38410	67293	2745	0	0
2007	AZO	54380	116928	4743	0	0
2007	BDL	253331	705282	31790	0	0
2007	BET	8846	10836	1010	0	0
2007	BFL	19634	97268	5131	0	0
2007	BGM	9805	23846	916	0	0
2007	BGR	54249	93172	3947	0	0
2007	BHM	186162	468955	23020	0	0
2007	BIL	31365	90732	4628	0	0
2007	BIS	23891	64401	3062	0	0
2007	BJI	1523	2355	114	0	0
2007	BLI	-1492	11217	581	0	0
2007	BMI	45474	90650	3975	0	0
2007	BNA	440263	1131165	59935	0	0
2007	BOI	99610	310625	17974	0	0
2007	BOS	1471267	3463219	123677	0	0
2007	BPT	882	7263	351	0	0
2007	BQK	13244	18567	963	0	0
2007	BQN	5703	29006	1348	0	0
2007	BRO	6712	38087	1560	0	0
2007	BRW	10528	5915	697	0	0
2007	BTM	1124	13608	796	0	0
2007	BTR	129745	211962	10036	0	0
2007	BTV	113445	192388	6892	0	0
2007	BUF	303490	571307	25944	0	0
2007	BUR	203324	579355	32214	0	0
2007	BWI	832946	2052224	107473	0	0
2007	BZN	43488	115428	5154	0	0
2007	CAE	131834	237416	10224	0	0
2007	CAK	74212	202868	9079	0	0
2007	CDV	4665	8464	706	0	0
2007	CEC	24714	17755	998	0	0
2007	CHA	49945	84463	4355	0	0
2007	CHO	8508	23971	1347	0	0
2007	CHS	156704	357251	15076	0	0
2007	CIC	16480	21978	1327	0	0
2007	CID	117014	241965	10550	0	0
2007	CLD	8727	42995	2654	0	0
2007	CLE	701976	1864162	76679	0	0
2007	CLL	14228	37654	1704	0	0
2007	CLT	1568172	3293622	124650	0	0
2007	CMH	417572	819071	37519	0	0
2007	CMI	37438	62561	2609	0	0
2007	CMX	3475	7073	288	0	0
2007	COD	-1268	23696	1305	0	0
2007	COS	148926	411993	16896	0	0
2007	CPR	17182	74499	3790	0	0
2007	CRP	60669	123982	6605	0	0
2007	CRW	45775	71087	3372	0	0
2007	CSG	25126	29147	1348	0	0
2007	CVG	1079848	2566169	107861	0	0
2007	CWA	17744	37352	1669	0	0
2007	DAB	31972	83440	3638	0	0
2007	DAL	567583	769713	52832	0	0
2007	DAY	90291	352617	15315	0	0
2007	DBQ	14366	27368	1321	0	0
2007	DCA	899050	2201110	86172	0	0
2007	DEN	2766116	5318383	236667	0	0
2007	DFW	4097248	6600737	287373	0	0
2007	DHN	23521	32977	1596	0	0
2007	DLG	2868	1639	171	0	0
2007	DLH	17039	52385	2095	0	0
2007	DRO	8197	73233	3823	0	0
2007	DSM	190329	392720	17176	0	0
2007	DTW	2254151	4839656	173020	0	0
2007	EAU	388	1551	66	0	0
2007	EGE	41823	88882	3214	0	0
2007	EKO	-1244	26980	1789	0	0
2007	ELM	7765	30198	1158	0	0
2007	ELP	132176	375653	21529	0	0
2007	ERI	7499	30661	1296	0	0
2007	EUG	43112	107757	6239	0	0
2007	EVV	54814	124931	5579	0	0
2007	EWN	12763	11858	594	0	0
2007	EWR	2407525	5378855	147842	0	0
2007	EYW	17823	21923	1035	0	0
2007	FAI	26912	77364	4845	0	0
2007	FAR	60134	122431	5125	0	0
2007	FAT	82945	279402	15502	0	0
2007	FAY	34245	48220	2137	0	0
2007	FCA	15912	69316	3250	0	0
2007	FLG	10605	35602	1790	0	0
2007	FLL	634826	1684044	68473	0	0
2007	FLO	9481	12597	633	0	0
2007	FNT	69731	176279	7565	0	0
2007	FSD	71943	147006	6565	0	0
2007	FSM	26337	50733	2608	0	0
2007	FWA	77966	149520	6204	0	0
2007	GEG	67478	278276	15998	0	0
2007	GFK	7278	24167	1177	0	0
2007	GGG	9452	22721	1045	0	0
2007	GJT	31493	88339	4736	0	0
2007	GLH	8	38	2	0	0
2007	GNV	37041	38223	1838	0	0
2007	GPT	75706	152464	7167	0	0
2007	GRB	88699	177481	7962	0	0
2007	GRK	40011	96390	4883	0	0
2007	GRR	157658	391788	15899	0	0
2007	GSO	168505	360964	14355	0	0
2007	GSP	97198	303853	12920	0	0
2007	GST	1420	1185	86	0	0
2007	GTF	9130	53858	2850	0	0
2007	GTR	17398	19737	975	0	0
2007	GUC	8061	24447	1208	0	0
2007	HDN	24504	62169	2579	0	0
2007	HHH	19492	21361	944	0	0
2007	HLN	9621	35296	1737	0	0
2007	HNL	94397	1161036	67151	0	0
2007	HOU	511119	792423	55486	0	0
2007	HPN	175219	328436	11920	0	0
2007	HRL	45254	66020	4931	0	0
2007	HSV	86533	209457	9496	0	0
2007	HTS	2587	4617	271	0	0
2007	IAD	1117469	2319525	87948	0	0
2007	IAH	1563801	5295172	197869	0	0
2007	ICT	156942	326711	14135	0	0
2007	IDA	10386	68125	3288	0	0
2007	ILG	3671	10604	429	0	0
2007	ILM	43981	78280	3765	0	0
2007	IND	349196	1008752	42454	0	0
2007	INL	2657	4244	196	0	0
2007	IPL	2364	18798	1287	0	0
2007	ISO	24	185	8	0	0
2007	ISP	5484	170581	12021	0	0
2007	ITO	-8904	115669	9541	0	0
2007	IYK	-2953	20122	941	0	0
2007	JAC	31754	79104	3384	0	0
2007	JAN	101507	253872	13237	0	0
2007	JAX	295163	745204	35364	0	0
2007	JFK	2147426	5315288	122035	0	0
2007	JNU	54203	77995	4297	0	0
2007	KOA	22405	211361	15858	0	0
2007	KTN	18932	38106	2315	0	0
2007	LAN	54381	104382	4357	0	0
2007	LAS	1565258	4261122	181402	0	0
2007	LAW	17437	44886	2205	0	0
2007	LAX	1779392	5197677	233940	0	0
2007	LBB	99571	132550	8458	0	0
2007	LCH	8400	30525	1180	0	0
2007	LEX	96804	221319	9694	0	0
2007	LFT	44416	133856	5532	0	0
2007	LGA	1650621	4192225	116197	0	0
2007	LGB	92569	316346	14009	0	0
2007	LIH	-8556	166433	15578	0	0
2007	LIT	188021	320689	16524	0	0
2007	LNK	36185	90719	4024	0	0
2007	LRD	23872	47381	2467	0	0
2007	LSE	29164	54748	2370	0	0
2007	LWB	2701	4076	185	0	0
2007	LWS	2762	13179	701	0	0
2007	LYH	8113	15755	841	0	0
2007	MAF	63330	110784	7477	0	0
2007	MBS	34804	87376	3573	0	0
2007	MCI	484400	1251755	63702	0	0
2007	MCN	22546	20327	936	0	0
2007	MCO	1077008	2733433	128286	0	0
2007	MDT	108582	201393	8452	0	0
2007	MDW	804857	1648746	94334	0	0
2007	MEI	13385	15870	652	0	0
2007	MEM	768826	2143804	83239	0	0
2007	MFE	30450	98381	4642	0	0
2007	MFR	51480	98497	6252	0	0
2007	MGM	46266	89683	3951	0	0
2007	MHT	155902	425686	20839	0	0
2007	MIA	909991	1584547	63713	0	0
2007	MKC	25	22	1	0	0
2007	MKE	344898	669759	27516	0	0
2007	MLB	14416	43505	2001	0	0
2007	MLI	93394	215794	9066	0	0
2007	MLU	39699	68027	2952	0	0
2007	MOB	70932	127638	5986	0	0
2007	MOD	24155	53840	2954	0	0
2007	MOT	5719	21728	1054	0	0
2007	MQT	9565	17355	1018	0	0
2007	MRY	43251	148343	8554	0	0
2007	MSN	165784	320271	12840	0	0
2007	MSO	25335	72602	3752	0	0
2007	MSP	1879752	4193131	151966	0	0
2007	MSY	275964	688191	36872	0	0
2007	MTH	2056	3536	126	0	0
2007	MTJ	31986	52525	2536	0	0
2007	MYR	93351	140893	6582	0	0
2007	OAJ	12420	25151	1109	0	0
2007	OAK	419482	1236575	73871	0	0
2007	OGG	10232	325853	25282	0	0
2007	OKC	202753	524823	26184	0	0
2007	OMA	258374	593650	27410	0	0
2007	OME	13712	10345	1034	0	0
2007	ONT	204754	711811	41109	0	0
2007	ORD	6033745	9071187	358462	0	0
2007	ORF	186628	418291	19484	0	0
2007	OTZ	10237	9794	1016	0	0
2007	OXR	-701	26794	1336	0	0
2007	PBI	278172	650673	29290	0	0
2007	PDX	281267	1051132	58074	0	0
2007	PFN	43299	68208	3351	0	0
2007	PHF	47119	114426	5428	0	0
2007	PHL	1552283	3269116	101296	0	0
2007	PHX	1641392	4415150	208203	0	0
2007	PIA	60726	123102	5062	0	0
2007	PIH	-6387	30040	1813	0	0
2007	PIR	143	70	4	0	0
2007	PIT	543810	1151294	47968	0	0
2007	PLN	2310	12761	494	0	0
2007	PMD	3905	6983	380	0	0
2007	PNS	105965	208079	9961	0	0
2007	PSC	10243	50818	2685	0	0
2007	PSE	-704	22129	986	0	0
2007	PSG	8120	8121	683	0	0
2007	PSP	102440	250734	13029	0	0
2007	PVD	210104	493503	24666	0	0
2007	PWM	114323	205789	7918	0	0
2007	RAP	32727	98861	4888	0	0
2007	RDD	17953	30584	1771	0	0
2007	RDM	23779	60430	3624	0	0
2007	RDU	613627	1434350	65569	0	0
2007	RFD	2052	17156	688	0	0
2007	RHI	2098	3925	202	0	0
2007	RIC	216460	466070	19258	0	0
2007	RNO	147237	468720	26968	0	0
2007	ROA	47276	81188	3501	0	0
2007	ROC	259155	417871	16534	0	0
2007	ROW	3219	3776	232	0	0
2007	RST	52247	89659	3959	0	0
2007	RSW	226624	584608	27289	0	0
2007	SAN	517678	1953136	95938	0	0
2007	SAT	317425	831459	45542	0	0
2007	SAV	127303	323800	13788	0	0
2007	SBA	75353	250704	13954	0	0
2007	SBN	72733	119531	4884	0	0
2007	SBP	28097	132610	6898	0	0
2007	SCC	6280	7537	694	0	0
2007	SCE	10226	16291	640	0	0
2007	SDF	194392	447218	21743	0	0
2007	SEA	1002242	2498171	107797	0	0
2007	SFO	1582832	3287361	135609	0	0
2007	SGF	156871	238263	10580	0	0
2007	SGU	9247	59942	3607	0	0
2007	SHV	85766	176273	8655	0	0
2007	SIT	8820	20939	1299	0	0
2007	SJC	290411	1108937	60959	0	0
2007	SJT	12929	29046	1728	0	0
2007	SJU	266741	589942	23332	0	0
2007	SLC	978461	3659776	146332	0	0
2007	SLE	-741	8501	394	0	0
2007	SMF	364578	979039	57423	0	0
2007	SMX	4595	39259	1731	0	0
2007	SNA	297857	1058337	51909	0	0
2007	SOP	7486	4393	185	0	0
2007	SPI	34763	37590	1610	0	0
2007	SPS	17487	48562	2155	0	0
2007	SRQ	51987	150800	7234	0	0
2007	STL	510304	1219502	63426	0	0
2007	STT	35671	67343	2913	0	0
2007	STX	6288	9980	470	0	0
2007	SUN	-187	45319	3030	0	0
2007	SUX	4214	11360	473	0	0
2007	SWF	56447	132027	5453	0	0
2007	SYR	211834	345608	12860	0	0
2007	TEX	2488	4254	182	0	0
2007	TLH	37088	85124	4157	0	0
2007	TOL	23532	46033	1992	0	0
2007	TPA	499677	1558607	78894	0	0
2007	TRI	18833	23430	1146	0	0
2007	TTN	6601	18390	767	0	0
2007	TUL	173057	476395	24401	0	0
2007	TUP	3824	10428	565	0	0
2007	TUS	139497	528062	27827	0	0
2007	TVC	50270	97816	3975	0	0
2007	TWF	-6195	32514	2080	0	0
2007	TXK	10227	22030	1132	0	0
2007	TYR	16876	35209	1535	0	0
2007	TYS	120258	312047	13538	0	0
2007	VLD	13550	19956	1029	0	0
2007	VPS	82809	150163	6722	0	0
2007	WRG	5393	8614	689	0	0
2007	WYS	-191	4324	263	0	0
2007	XNA	179209	317323	13409	0	0
2007	YAK	4317	7536	696	0	0
2007	YKM	6427	7381	407	0	0
2007	YUM	24412	66050	3436	0	0
