2002	ABE	414	40017	2038	0	0
2002	ABI	-189	51672	2410	0	0
2002	ABQ	40697	563404	35893	0	0
2002	ACT	-8754	51931	2359	0	0
2002	ADQ	2422	8305	683	0	0
2002	AKN	909	2962	310	0	0
2002	ALB	46543	253908	13773	0	0
2002	AMA	23655	90625	6180	0	0
2002	ANC	80642	356811	20427	0	0
2002	ATL	1905227	5855177	229073	0	0
2002	AUS	36694	660636	38701	0	0
2002	AVL	-1809	18051	954	0	0
2002	AVP	-425	22013	1348	0	0
2002	AZO	1332	33407	1872	0	0
2002	BDL	66858	670151	32753	0	0
2002	BET	3157	13331	1322	0	0
2002	BGR	17739	51574	3013	0	0
2002	BHM	42276	275040	17229	0	0
2002	BIL	-2125	51375	2861	0	0
2002	BIS	-3666	20709	1410	0	0
2002	BMI	524	14871	838	0	0
2002	BNA	71199	796576	49469	0	0
2002	BOI	1943	156830	10917	0	0
2002	BOS	282009	2604052	107535	0	0
2002	BPT	-1425	7712	372	0	0
2002	BQN	-661	5318	245	0	0
2002	BRO	-45	3966	247	0	0
2002	BRW	3582	6118	722	0	0
2002	BTR	6874	73833	3385	0	0
2002	BTV	5984	57057	2985	0	0
2002	BUF	18926	298179	15533	0	0
2002	BUR	142338	376749	25385	0	0
2002	BWI	536429	1534330	85971	0	0
2002	BZN	5277	32073	1622	0	0
2002	CAE	9232	38313	1752	0	0
2002	CAK	5166	7319	324	0	0
2002	CDV	6464	6765	707	0	0
2002	CHA	363	13324	812	0	0
2002	CHS	11175	90903	4443	0	0
2002	CID	-4701	82524	4625	0	0
2002	CLE	147329	996647	43936	0	0
2002	CLL	-11281	45548	2142	0	0
2002	CLT	321224	2557952	109638	0	0
2002	CMH	93008	677341	34955	0	0
2002	CMI	6009	30595	1670	0	0
2002	COS	-4730	196385	8234	0	0
2002	CRP	35531	69103	4550	0	0
2002	CVG	383783	1482070	60635	0	0
2002	DAB	12323	31028	1429	0	0
2002	DAL	302838	448547	41570	0	0
2002	DAY	45795	187207	8070	0	0
2002	DBQ	2855	18426	1029	0	0
2002	DCA	-36893	1428093	67887	0	0
2002	DEN	334511	2507207	119408	0	0
2002	DFW	747122	6781325	277445	0	0
2002	DLG	682	2829	299	0	0
2002	DLH	2962	33764	2019	0	0
2002	DRO	-1106	7424	346	0	0
2002	DSM	3274	157931	8300	0	0
2002	DTW	1094582	3462149	138194	0	0
2002	DUT	6303	5065	585	0	0
2002	EGE	12002	32593	1051	0	0
2002	ELP	35492	317148	20658	0	0
2002	ERI	-67	306	20	0	0
2002	EUG	4826	17041	1232	0	0
2002	EVV	10712	29240	1496	0	0
2002	EWR	184860	3023489	100900	0	0
2002	EYW	-1273	31964	1628	0	0
2002	FAI	20492	74672	5249	0	0
2002	FAR	-9304	41726	2366	0	0
2002	FAT	-52	58461	3260	0	0
2002	FCA	-3047	25510	1535	0	0
2002	FLL	195119	1096669	48907	0	0
2002	FNT	639	22566	974	0	0
2002	FSD	-6986	40003	2067	0	0
2002	FSM	-10933	59483	2745	0	0
2002	FWA	5438	42669	2252	0	0
2002	GEG	7192	182918	12034	0	0
2002	GFK	-832	14701	927	0	0
2002	GGG	-7569	28184	1380	0	0
2002	GPT	3923	15608	996	0	0
2002	GRB	6517	85232	4379	0	0
2002	GRR	27810	204162	9991	0	0
2002	GSO	35427	224053	9750	0	0
2002	GSP	3245	100009	4572	0	0
2002	GST	473	2431	81	0	0
2002	GTF	-5578	30215	2037	0	0
2002	GUC	-102	5400	210	0	0
2002	HDN	5897	16762	632	0	0
2002	HLN	-1049	12014	780	0	0
2002	HNL	-54828	266241	10989	0	0
2002	HOU	397554	673253	53635	0	0
2002	HPN	33818	123170	5384	0	0
2002	HRL	26853	38573	3995	0	0
2002	HSV	11299	75910	3406	0	0
2002	IAD	129888	1038109	43772	0	0
2002	IAH	477731	3217952	118884	0	0
2002	ICT	3440	110938	5283	0	0
2002	ILE	-5465	71176	3088	0	0
2002	ILM	-6888	33184	1973	0	0
2002	IND	88525	673729	32130	0	0
2002	ISP	6838	139193	10586	0	0
2002	JAC	13420	27969	1063	0	0
2002	JAN	21958	111808	6807	0	0
2002	JAX	69601	428723	23617	0	0
2002	JFK	202558	1530705	49588	0	0
2002	JNU	46382	71926	4341	0	0
2002	KOA	-6969	27663	1665	0	0
2002	KTN	12247	38205	2423	0	0
2002	LAN	-1022	50508	2678	0	0
2002	LAS	442497	2580808	129509	0	0
2002	LAW	-12000	51173	2290	0	0
2002	LAX	58285	3633510	180260	0	0
2002	LBB	24153	109235	7591	0	0
2002	LEX	3516	33037	1674	0	0
2002	LFT	875	14752	659	0	0
2002	LGA	108748	2634589	91243	0	0
2002	LGB	463	77812	3194	0	0
2002	LIH	-4425	13918	1000	0	0
2002	LIT	38143	222675	13572	0	0
2002	LRD	11843	35239	1558	0	0
2002	LSE	4003	31579	1817	0	0
2002	MAF	16011	99642	7024	0	0
2002	MAZ	-81	544	30	0	0
2002	MBS	1769	39821	1918	0	0
2002	MCI	22023	956771	55911	0	0
2002	MCO	72477	1598276	80968	0	0
2002	MDT	4271	109593	5576	0	0
2002	MDW	326610	884263	51771	0	0
2002	MEM	238349	1030872	47309	0	0
2002	MFE	4200	53176	2892	0	0
2002	MFR	3807	14544	1073	0	0
2002	MHT	47697	278757	15018	0	0
2002	MIA	202174	1659295	62389	0	0
2002	MKE	39353	325116	14827	0	0
2002	MLB	4727	28079	1324	0	0
2002	MLI	2129	25233	1579	0	0
2002	MLU	1119	5389	276	0	0
2002	MOB	5973	40964	1979	0	0
2002	MOT	733	16730	1073	0	0
2002	MQT	1991	5550	262	0	0
2002	MRY	-1571	30744	1771	0	0
2002	MSN	16693	126120	6043	0	0
2002	MSO	-1583	32443	1881	0	0
2002	MSP	677125	3544163	139512	0	0
2002	MSY	114501	780655	48777	0	0
2002	MTJ	-253	7977	329	0	0
2002	MYR	-267	43461	2551	0	0
2002	OAK	285405	921988	60932	0	0
2002	OGG	-16060	71694	3914	0	0
2002	OKC	28089	318520	19623	0	0
2002	OMA	22193	308346	17420	0	0
2002	OME	9209	10888	1036	0	0
2002	ONT	90560	472943	32593	0	0
2002	ORD	1607412	7833906	320409	0	0
2002	ORF	66716	338953	18328	0	0
2002	ORH	-973	4895	262	0	0
2002	OTZ	9864	9919	1007	0	0
2002	PBI	41637	432176	21018	0	0
2002	PDX	93568	849320	50139	0	0
2002	PHL	487886	2963431	105661	0	0
2002	PHX	414773	3417302	171777	0	0
2002	PIA	6433	23460	1377	0	0
2002	PIT	173237	1770514	80381	0	0
2002	PNS	7277	77870	3919	0	0
2002	PSC	71	11907	711	0	0
2002	PSG	8238	6086	655	0	0
2002	PSP	4171	102885	5956	0	0
2002	PVD	67520	489707	26849	0	0
2002	PWM	28938	131687	7052	0	0
2002	RAP	2472	20043	1248	0	0
2002	RDU	169664	878448	45078	0	0
2002	RIC	45236	285239	13793	0	0
2002	RNO	72645	348464	23783	0	0
2002	ROC	14074	194284	9099	0	0
2002	RST	-3333	43374	2298	0	0
2002	RSW	10688	297648	13757	0	0
2002	SAN	114981	1388989	74259	0	0
2002	SAT	72954	584447	35977	0	0
2002	SAV	13690	119197	5580	0	0
2002	SBA	-13369	53563	3270	0	0
2002	SBN	1249	6444	326	0	0
2002	SBP	-1146	46351	2420	0	0
2002	SCC	-172	4223	458	0	0
2002	SDF	84276	301327	17700	0	0
2002	SEA	270092	2008733	99413	0	0
2002	SFO	73490	2270078	98328	0	0
2002	SGF	5691	95519	4294	0	0
2002	SHV	-10190	90953	4563	0	0
2002	SIT	4285	19181	1339	0	0
2002	SJC	-5927	1129200	60308	0	0
2002	SJT	-9584	46562	2078	0	0
2002	SJU	21619	554535	23559	0	0
2002	SLC	181719	1572109	69479	0	0
2002	SMF	140850	576931	39373	0	0
2002	SNA	74344	830591	41732	0	0
2002	SPS	-10008	48876	2032	0	0
2002	SRQ	9189	71773	3426	0	0
2002	STL	274227	3133594	131110	0	0
2002	STT	6256	69901	3147	0	0
2002	STX	1581	17915	727	0	0
2002	SUX	2	21	1	0	0
2002	SWF	2319	27955	1267	0	0
2002	SYR	15486	194485	9051	0	0
2002	TLH	5392	30611	1466	0	0
2002	TOL	5415	32441	1719	0	0
2002	TPA	136603	1140095	61913	0	0
2002	TUL	29364	333798	19754	0	0
2002	TUS	-7811	279531	16088	0	0
2002	TVC	10673	43435	2243	0	0
2002	TXK	-9106	26013	1239	0	0
2002	TYR	-3906	62905	2794	0	0
2002	TYS	4162	89462	3984	0	0
2002	VPS	13528	42493	2324	0	0
2002	WRG	4113	6106	668	0	0
2002	XNA	33160	102847	5007	0	0
2002	YAK	5875	6382	684	0	0
