2004	ABE	13567	182498	6702	0	0
2004	ABI	-1029	55181	3032	0	0
2004	ABQ	166990	609398	36720	0	0
2004	ABY	5425	29211	1366	0	0
2004	ACK	4509	5069	214	0	0
2004	ACT	-4279	65144	3445	0	0
2004	ACV	15280	43657	3908	0	0
2004	ACY	-245	34268	1056	0	0
2004	ADK	2836	910	94	0	0
2004	ADQ	8898	6402	648	0	0
2004	AEX	27217	76494	3193	0	0
2004	AGS	22756	79859	3918	0	0
2004	AKN	5052	3169	358	0	0
2004	ALB	117280	382760	17774	0	0
2004	AMA	43828	124887	8011	0	0
2004	ANC	120109	355225	19994	0	0
2004	APF	2827	3067	139	0	0
2004	ATL	4238146	16243663	409465	0	0
2004	ATW	10179	90422	2457	0	0
2004	AUS	187255	763817	39321	0	0
2004	AVL	32188	87594	4143	0	0
2004	AVP	22234	99619	3026	0	0
2004	AZO	29053	93838	4542	0	0
2004	BDL	187315	745229	34069	0	0
2004	BET	14347	11195	1063	0	0
2004	BFL	1676	47823	3269	0	0
2004	BGM	-9800	40865	1482	0	0
2004	BGR	18728	106352	4883	0	0
2004	BHM	120892	420404	22512	0	0
2004	BIL	10990	97640	5521	0	0
2004	BIS	-4725	37089	2416	0	0
2004	BMI	20336	56287	2623	0	0
2004	BNA	303131	1075412	59340	0	0
2004	BOI	86035	231509	15504	0	0
2004	BOS	776482	3410336	128738	0	0
2004	BPT	4510	39999	2425	0	0
2004	BQK	4870	21037	1254	0	0
2004	BQN	758	11837	557	0	0
2004	BRO	6747	36760	1699	0	0
2004	BRW	8305	5240	675	0	0
2004	BTM	237	20857	1383	0	0
2004	BTR	74064	158966	7571	0	0
2004	BTV	64590	198934	7866	0	0
2004	BUF	171386	629326	27359	0	0
2004	BUR	159384	408472	26326	0	0
2004	BWI	512560	1944216	104710	0	0
2004	BZN	3794	85220	4801	0	0
2004	CAE	99493	277348	12282	0	0
2004	CAK	70818	261395	9011	0	0
2004	CDC	6632	9596	737	0	0
2004	CDV	7004	6428	697	0	0
2004	CEC	4682	10583	970	0	0
2004	CHA	25750	89981	4841	0	0
2004	CHO	1452	55855	2932	0	0
2004	CHS	56951	332656	14426	0	0
2004	CIC	638	14160	1060	0	0
2004	CID	49668	120512	5827	0	0
2004	CKB	14	2949	6	0	0
2004	CLD	4701	23700	2088	0	0
2004	CLE	475845	2231706	91648	0	0
2004	CLL	-98	67156	3806	0	0
2004	CLT	450879	2394763	105965	0	0
2004	CMH	214759	791494	37935	0	0
2004	CMI	25769	60990	2963	0	0
2004	COD	4790	13185	972	0	0
2004	COS	41616	315697	12904	0	0
2004	CPR	18921	43635	3178	0	0
2004	CRP	46574	156438	8423	0	0
2004	CRW	22167	105356	5260	0	0
2004	CSG	1399	30145	2060	0	0
2004	CVG	1177166	5994108	202036	0	0
2004	DAB	55053	101893	3912	0	0
2004	DAL	365864	539260	43836	0	0
2004	DAY	104738	388748	15798	0	0
2004	DBQ	11335	23796	1136	0	0
2004	DCA	254350	2146852	90919	0	0
2004	DEN	731483	3195145	153572	0	0
2004	DFW	2251664	9051235	338710	0	0
2004	DHN	7805	33321	1961	0	0
2004	DLG	4431	2212	236	0	0
2004	DLH	9946	28311	1473	0	0
2004	DRO	2489	6983	444	0	0
2004	DSM	73991	280317	11171	0	0
2004	DTW	1290772	3651004	144175	0	0
2004	DUT	1167	314	37	0	0
2004	EFD	-841	19507	1034	0	0
2004	EGE	13856	38026	1226	0	0
2004	EKO	11040	27858	2595	0	0
2004	ELP	89636	345851	21328	0	0
2004	ERI	-1039	31318	1033	0	0
2004	EUG	23043	69027	5254	0	0
2004	EVV	36375	123902	5143	0	0
2004	EWR	1630699	5154728	153972	0	0
2004	EYW	9567	11928	613	0	0
2004	FAI	26012	75087	5270	0	0
2004	FAR	16999	74589	3803	0	0
2004	FAT	52233	206232	13386	0	0
2004	FAY	16380	35769	1728	0	0
2004	FCA	2468	50730	3240	0	0
2004	FLL	550930	1592144	65325	0	0
2004	FLO	4733	17656	1005	0	0
2004	FMN	193	20	1	0	0
2004	FNT	38881	170815	6691	0	0
2004	FSD	22793	110023	5045	0	0
2004	FSM	4004	33163	1758	0	0
2004	FWA	56573	151676	6462	0	0
2004	GEG	67220	217349	14021	0	0
2004	GFK	2932	14818	949	0	0
2004	GGG	-1702	22309	1076	0	0
2004	GJT	19099	47368	3482	0	0
2004	GNV	7875	40930	2288	0	0
2004	GPT	29856	121850	5887	0	0
2004	GRB	33790	137678	5573	0	0
2004	GRK	9835	44316	2157	0	0
2004	GRR	109802	398038	15895	0	0
2004	GSO	100802	489467	18849	0	0
2004	GSP	81299	355884	14622	0	0
2004	GST	274	1320	90	0	0
2004	GTF	-8324	53138	3697	0	0
2004	GTR	12846	27823	1346	0	0
2004	GUC	-46	4081	164	0	0
2004	HDN	5716	22504	819	0	0
2004	HLN	-2015	58758	2561	0	0
2004	HNL	-41371	690185	35751	0	0
2004	HOU	463106	790165	57714	0	0
2004	HPN	73494	233817	8034	0	0
2004	HRL	31402	78727	5793	0	0
2004	HSV	73125	305144	11490	0	0
2004	HTS	1968	22159	1068	0	0
2004	HVN	5149	18494	624	0	0
2004	IAD	777440	3338321	129670	0	0
2004	IAH	1285654	5523309	199861	0	0
2004	ICT	89529	238299	9972	0	0
2004	IDA	15905	40626	3143	0	0
2004	ILE	5075	54504	2904	0	0
2004	ILM	11510	70738	3275	0	0
2004	IND	209698	926971	41526	0	0
2004	IPL	1706	8588	704	0	0
2004	ISP	42326	228290	12229	0	0
2004	ITO	-12879	27359	2520	0	0
2004	IYK	-3487	15094	1023	0	0
2004	JAC	26321	63059	3447	0	0
2004	JAN	61253	222175	11300	0	0
2004	JAX	194147	622152	29473	0	0
2004	JFK	471803	2860092	89943	0	0
2004	JNU	29702	70518	4384	0	0
2004	KOA	-7129	83620	6328	0	0
2004	KTN	6296	35648	2420	0	0
2004	LAN	11870	127082	6015	0	0
2004	LAS	1443778	3495463	156404	0	0
2004	LAW	-2700	46481	2072	0	0
2004	LAX	980717	4639031	229731	0	0
2004	LBB	49010	142350	9280	0	0
2004	LCH	11584	35385	1571	0	0
2004	LEX	64140	251417	9770	0	0
2004	LFT	25313	81539	3784	0	0
2004	LGA	544616	3946834	122901	0	0
2004	LGB	-28539	229691	11264	0	0
2004	LIH	-11800	74747	7437	0	0
2004	LIT	125066	339174	17126	0	0
2004	LNK	26966	50459	2179	0	0
2004	LNY	-973	26237	210	0	0
2004	LRD	9074	42986	2229	0	0
2004	LSE	15447	31821	1526	0	0
2004	LWB	899	3028	169	0	0
2004	LYH	5496	17561	1014	0	0
2004	MAF	45395	114194	7799	0	0
2004	MBS	16891	83078	3799	0	0
2004	MCI	284245	1107754	58487	0	0
2004	MCN	14274	36368	1663	0	0
2004	MCO	740648	2278853	106304	0	0
2004	MDT	73063	249892	10000	0	0
2004	MDW	716598	1939627	90537	0	0
2004	MEI	14186	23097	1032	0	0
2004	MEM	414024	1122517	47888	0	0
2004	MFE	14466	60972	3127	0	0
2004	MFR	9493	55047	4534	0	0
2004	MGM	32519	66205	3431	0	0
2004	MHT	101545	502015	23479	0	0
2004	MIA	471478	1619041	63908	0	0
2004	MKE	122999	506221	21247	0	0
2004	MKK	-1768	1579	210	0	0
2004	MLB	19726	66589	2657	0	0
2004	MLI	26789	97522	3930	0	0
2004	MLU	12230	63411	3462	0	0
2004	MOB	35677	108563	4932	0	0
2004	MOD	13659	17760	1339	0	0
2004	MOT	-257	16807	1097	0	0
2004	MQT	5003	12613	780	0	0
2004	MRY	20105	109068	7113	0	0
2004	MSN	62621	191611	8468	0	0
2004	MSO	6664	71208	4440	0	0
2004	MSP	939603	3699847	144716	0	0
2004	MSY	259092	887837	52276	0	0
2004	MTJ	6709	39327	2477	0	0
2004	MYR	25626	160940	7670	0	0
2004	OAK	320588	1119612	70049	0	0
2004	OGD	655	55	4	0	0
2004	OGG	-8925	202245	13639	0	0
2004	OKC	136689	428729	22047	0	0
2004	OMA	122866	439302	21074	0	0
2004	OME	14256	9947	994	0	0
2004	ONT	177871	556580	36050	0	0
2004	ORD	4729100	9670949	363745	0	0
2004	ORF	178023	501046	23529	0	0
2004	OTZ	11535	9327	959	0	0
2004	OXR	-1109	25495	1712	0	0
2004	PBI	152774	570977	27049	0	0
2004	PDX	190244	912034	54679	0	0
2004	PFN	17573	52984	3134	0	0
2004	PHF	41877	109109	5435	0	0
2004	PHL	1398771	3504862	118621	0	0
2004	PHX	1047647	3409254	168276	0	0
2004	PIA	43418	94231	3918	0	0
2004	PIE	5490	47423	2292	0	0
2004	PIH	13145	24948	1816	0	0
2004	PIT	311050	1409092	61464	0	0
2004	PNS	53719	138276	6927	0	0
2004	PSC	20681	61595	4076	0	0
2004	PSG	6302	5919	671	0	0
2004	PSP	55603	198037	11888	0	0
2004	PUB	159	27	2	0	0
2004	PVD	121438	593112	29987	0	0
2004	PVU	0	17	1	0	0
2004	PWM	103107	246510	10426	0	0
2004	RAP	10863	67963	4235	0	0
2004	RDD	12197	26993	2118	0	0
2004	RDM	7287	27109	2426	0	0
2004	RDU	379939	1307108	60417	0	0
2004	RIC	116554	403058	16736	0	0
2004	RNO	203418	468389	30161	0	0
2004	ROA	20403	105249	4481	0	0
2004	ROC	147559	507449	18656	0	0
2004	RST	12270	46218	2266	0	0
2004	RSW	99904	472982	21581	0	0
2004	SAN	299001	1624118	84987	0	0
2004	SAT	198106	713123	38025	0	0
2004	SAV	84312	305544	12879	0	0
2004	SBA	14256	171587	11351	0	0
2004	SBN	36490	109598	4696	0	0
2004	SBP	13157	90316	5563	0	0
2004	SCC	520	3114	328	0	0
2004	SCE	-13026	39310	1645	0	0
2004	SDF	161046	496515	22728	0	0
2004	SEA	704255	2199745	107892	0	0
2004	SFO	526323	2853598	127990	0	0
2004	SGF	56410	135632	6308	0	0
2004	SGU	16537	36331	2793	0	0
2004	SHV	43451	192823	8723	0	0
2004	SIT	2768	19477	1307	0	0
2004	SJC	266298	1124139	61984	0	0
2004	SJT	-684	48492	2648	0	0
2004	SJU	137313	610553	26248	0	0
2004	SLC	745970	3269688	136904	0	0
2004	SMF	328413	742821	48110	0	0
2004	SMX	-5517	28887	2091	0	0
2004	SNA	169468	964961	47235	0	0
2004	SPS	-1001	50196	2160	0	0
2004	SRQ	12721	150852	6143	0	0
2004	STL	138002	1212934	60308	0	0
2004	STT	16650	72008	3237	0	0
2004	STX	1021	8255	399	0	0
2004	SUN	4139	33424	2875	0	0
2004	SWF	29553	90623	3081	0	0
2004	SYR	100617	368518	14864	0	0
2004	TLH	32370	109573	5213	0	0
2004	TOL	21295	122100	5324	0	0
2004	TPA	324536	1348428	70421	0	0
2004	TRI	9571	78953	3789	0	0
2004	TUL	129559	409398	21041	0	0
2004	TUS	83219	318827	17692	0	0
2004	TVC	36143	58385	2869	0	0
2004	TWF	21353	25144	2006	0	0
2004	TXK	538	34937	1949	0	0
2004	TYR	-4455	66731	3534	0	0
2004	TYS	49071	350260	13382	0	0
2004	VCT	-734	15246	987	0	0
2004	VIS	-2573	5979	609	0	0
2004	VLD	5605	20198	1369	0	0
2004	VPS	61400	149121	6237	0	0
2004	WRG	4241	5927	685	0	0
2004	WYS	-38	2617	221	0	0
2004	XNA	100012	313314	12936	0	0
2004	YAK	5440	5793	685	0	0
2004	YUM	370	16066	1290	0	0
