2005	ABE	-970	109506	4578	0	0
2005	ABI	8891	52043	2696	0	0
2005	ABQ	124011	602744	36674	0	0
2005	ABY	9128	22414	1301	0	0
2005	ACK	6413	6097	200	0	0
2005	ACT	1131	63210	2895	0	0
2005	ACV	25337	47514	3851	0	0
2005	ACY	-805	17613	1014	0	0
2005	ADK	1483	919	94	0	0
2005	ADQ	8238	6700	617	0	0
2005	AEX	17842	59883	2494	0	0
2005	AGS	39360	67454	2558	0	0
2005	AKN	5942	3285	371	0	0
2005	ALB	78022	363317	18073	0	0
2005	AMA	29324	127865	8033	0	0
2005	ANC	197055	377315	20269	0	0
2005	APF	5057	22584	976	0	0
2005	ATL	5133617	17155696	419051	0	0
2005	ATW	8758	43933	2298	0	0
2005	AUS	198652	820412	41204	0	0
2005	AVL	59496	97849	4258	0	0
2005	AVP	15968	71873	2469	0	0
2005	AZO	16075	86665	4238	0	0
2005	BDL	163449	758515	36453	0	0
2005	BET	18836	12750	1081	0	0
2005	BFL	7212	61057	3981	0	0
2005	BGM	-436	17301	994	0	0
2005	BGR	33457	101298	5123	0	0
2005	BHM	112331	382580	21124	0	0
2005	BIL	11941	89413	5308	0	0
2005	BIS	4859	42436	2387	0	0
2005	BMI	22474	50043	2415	0	0
2005	BNA	315285	1018982	58256	0	0
2005	BOI	83771	263537	16609	0	0
2005	BOS	1005342	3217414	123541	0	0
2005	BPT	-378	20420	1187	0	0
2005	BQK	14138	24807	1220	0	0
2005	BQN	2363	16951	786	0	0
2005	BRO	11331	44742	1822	0	0
2005	BRW	12603	5180	639	0	0
2005	BTM	-2850	19522	1266	0	0
2005	BTR	114265	204585	9747	0	0
2005	BTV	83877	195870	8736	0	0
2005	BUF	217869	546789	26582	0	0
2005	BUR	158525	473400	28730	0	0
2005	BWI	647379	1933174	105229	0	0
2005	BZN	4690	100842	5211	0	0
2005	CAE	108444	257613	10865	0	0
2005	CAK	77899	207367	9839	0	0
2005	CDC	888	13151	976	0	0
2005	CDV	9480	8629	712	0	0
2005	CEC	7959	11277	927	0	0
2005	CHA	29673	104358	4809	0	0
2005	CHO	1705	33136	2023	0	0
2005	CHS	80300	283626	14498	0	0
2005	CIC	7034	15594	1038	0	0
2005	CID	26449	140755	7105	0	0
2005	CKB	130	9	1	0	0
2005	CLD	-382	23873	2053	0	0
2005	CLE	551934	2126195	87830	0	0
2005	CLL	9780	67004	3219	0	0
2005	CLT	771033	2633230	112599	0	0
2005	CMH	223774	745930	37101	0	0
2005	CMI	9000	70488	3599	0	0
2005	COD	3897	14697	943	0	0
2005	COS	59116	332514	14148	0	0
2005	CPR	15208	52602	3487	0	0
2005	CRP	41095	186111	9270	0	0
2005	CRW	22880	113346	4862	0	0
2005	CSG	17678	32843	1598	0	0
2005	CVG	854802	5704589	203689	0	0
2005	CWA	3286	4756	174	0	0
2005	CYS	44	8	1	0	0
2005	DAB	37383	79886	3603	0	0
2005	DAL	229094	520567	41247	0	0
2005	DAY	88275	326084	13962	0	0
2005	DBQ	2968	24778	1346	0	0
2005	DCA	675271	2318161	101890	0	0
2005	DEN	1318659	3712014	180536	0	0
2005	DFW	2531972	7026228	302956	0	0
2005	DHN	19365	35439	1819	0	0
2005	DLG	4896	2177	226	0	0
2005	DLH	8329	20286	1099	0	0
2005	DRO	1161	8541	536	0	0
2005	DSM	53697	217965	10435	0	0
2005	DTW	1568349	3446651	133389	0	0
2005	EGE	19894	44958	1482	0	0
2005	EKO	4909	23518	1848	0	0
2005	ELP	72345	363898	21736	0	0
2005	ERI	-4063	18707	1043	0	0
2005	EUG	31344	80279	5544	0	0
2005	EVV	32089	128084	5626	0	0
2005	EWR	1917008	5042452	150696	0	0
2005	EYW	13963	19378	898	0	0
2005	FAI	45692	81784	5158	0	0
2005	FAR	18368	73090	3755	0	0
2005	FAT	33673	215161	13534	0	0
2005	FAY	15402	25756	1397	0	0
2005	FCA	-2981	56290	3435	0	0
2005	FLL	778934	1736865	68767	0	0
2005	FLO	9017	16527	894	0	0
2005	FNT	40177	145792	7327	0	0
2005	FSD	7850	89965	4659	0	0
2005	FSM	18755	41569	2062	0	0
2005	FWA	12792	132647	5993	0	0
2005	GEG	43808	212534	13597	0	0
2005	GFK	1067	12319	802	0	0
2005	GGG	2819	24958	1083	0	0
2005	GJT	13590	55126	3894	0	0
2005	GNV	31256	47235	2106	0	0
2005	GPT	58421	136978	5505	0	0
2005	GRB	24110	131455	6779	0	0
2005	GRK	22924	117495	5496	0	0
2005	GRR	107339	364016	15664	0	0
2005	GSO	118065	439074	17799	0	0
2005	GSP	62030	280442	12861	0	0
2005	GST	924	1013	86	0	0
2005	GTF	-1002	63468	4188	0	0
2005	GTR	8148	29034	1228	0	0
2005	GUC	1000	5568	229	0	0
2005	HDN	3143	23950	918	0	0
2005	HKY	3454	10483	583	0	0
2005	HLN	-4298	37591	2371	0	0
2005	HNL	-60439	736974	37796	0	0
2005	HOU	447161	780069	55105	0	0
2005	HPN	41797	156741	6248	0	0
2005	HRL	22594	82581	5779	0	0
2005	HSV	46910	251099	11556	0	0
2005	HTS	-3223	18563	1282	0	0
2005	HVN	1557	15125	976	0	0
2005	IAD	848508	3094002	119708	0	0
2005	IAH	1208886	5558164	208161	0	0
2005	ICT	57771	249089	10755	0	0
2005	IDA	-2157	47139	3093	0	0
2005	ILM	20457	70439	3947	0	0
2005	IND	222956	932466	42463	0	0
2005	IPL	430	10081	718	0	0
2005	ISO	3112	13634	674	0	0
2005	ISP	19662	192240	12256	0	0
2005	ITO	-13583	28502	2774	0	0
2005	IYK	-2320	16660	1006	0	0
2005	JAC	17262	70995	3465	0	0
2005	JAN	72742	222144	11084	0	0
2005	JAX	210595	581895	30069	0	0
2005	JFK	1244831	3471687	99793	0	0
2005	JNU	63907	74639	4335	0	0
2005	KOA	-10993	95605	6847	0	0
2005	KTN	31222	39060	2398	0	0
2005	LAN	10530	77076	4062	0	0
2005	LAS	1174701	3594239	165834	0	0
2005	LAW	3828	51415	2227	0	0
2005	LAX	1081568	4590482	228122	0	0
2005	LBB	41279	147458	9395	0	0
2005	LCH	11748	30110	1200	0	0
2005	LEX	28143	203079	9543	0	0
2005	LFT	31072	90033	3797	0	0
2005	LGA	900651	3716471	122196	0	0
2005	LGB	15238	231513	11144	0	0
2005	LIH	-19315	76520	7504	0	0
2005	LIT	118857	402444	18616	0	0
2005	LNK	9265	41057	1998	0	0
2005	LRD	7600	57523	2871	0	0
2005	LSE	8010	29439	1525	0	0
2005	LWB	1272	3173	176	0	0
2005	LWS	1720	11166	659	0	0
2005	LYH	4635	16819	979	0	0
2005	MAF	35340	119855	8005	0	0
2005	MBS	2847	60373	2823	0	0
2005	MCI	278693	1027868	55140	0	0
2005	MCN	13712	18984	933	0	0
2005	MCO	864567	2385939	117604	0	0
2005	MDT	14030	157336	7404	0	0
2005	MDW	397720	1688797	92132	0	0
2005	MEI	5567	25432	1196	0	0
2005	MEM	377081	1096505	47814	0	0
2005	MFE	16251	71967	3629	0	0
2005	MFR	37030	67414	5079	0	0
2005	MGM	42275	77133	3348	0	0
2005	MHT	135133	463916	24221	0	0
2005	MIA	711560	1590504	64072	0	0
2005	MKE	118696	494695	21047	0	0
2005	MLB	26150	70605	3403	0	0
2005	MLI	19534	92434	4815	0	0
2005	MLU	18166	41667	2026	0	0
2005	MOB	30393	86619	4328	0	0
2005	MOD	11301	19191	1338	0	0
2005	MOT	5095	18196	1096	0	0
2005	MQT	3878	15493	965	0	0
2005	MRY	26213	111647	7096	0	0
2005	MSN	51540	209678	9755	0	0
2005	MSO	5820	77034	4424	0	0
2005	MSP	1450337	3592995	135279	0	0
2005	MSY	307566	672132	38688	0	0
2005	MTJ	-1351	45717	2681	0	0
2005	MYR	52625	130370	7020	0	0
2005	OAK	377980	1116470	69652	0	0
2005	OGD	87	10	1	0	0
2005	OGG	-14408	214223	14574	0	0
2005	OKC	94531	378451	20327	0	0
2005	OMA	120594	463514	22579	0	0
2005	OME	17519	10262	1030	0	0
2005	ONT	179038	574482	35564	0	0
2005	ORD	3672436	8426026	328577	0	0
2005	ORF	150456	428646	21532	0	0
2005	OTZ	15490	10706	1014	0	0
2005	OXR	-2620	26483	1688	0	0
2005	PBI	247452	578442	27923	0	0
2005	PDX	288424	926343	54708	0	0
2005	PFN	37647	67083	2734	0	0
2005	PHF	76009	156938	6589	0	0
2005	PHL	1322977	3587605	122935	0	0
2005	PHX	919873	3565459	172807	0	0
2005	PIA	9742	97974	4456	0	0
2005	PIE	1828	9386	466	0	0
2005	PIH	-584	27113	1958	0	0
2005	PIT	299728	1123264	51335	0	0
2005	PNS	80273	201285	10496	0	0
2005	PSC	-1093	53971	3481	0	0
2005	PSE	-502	4395	195	0	0
2005	PSG	10189	7786	691	0	0
2005	PSP	50003	181995	10792	0	0
2005	PVD	100399	583744	30610	0	0
2005	PWM	93652	207078	9066	0	0
2005	RAP	4505	66715	3885	0	0
2005	RDD	14591	24829	1787	0	0
2005	RDM	14052	41944	3179	0	0
2005	RDU	433829	1291500	61259	0	0
2005	RIC	123302	406453	18666	0	0
2005	RNO	222059	442436	27722	0	0
2005	ROA	19417	59094	2907	0	0
2005	ROC	126142	417351	18321	0	0
2005	RST	9596	46992	2348	0	0
2005	RSW	198878	566593	25896	0	0
2005	SAN	399043	1725797	88012	0	0
2005	SAT	182468	695419	38848	0	0
2005	SAV	104236	282255	13723	0	0
2005	SBA	27910	192472	12330	0	0
2005	SBN	14814	70723	3770	0	0
2005	SBP	21412	92065	5525	0	0
2005	SCC	3998	3391	318	0	0
2005	SCE	406	16131	1047	0	0
2005	SDF	154183	463595	24022	0	0
2005	SEA	987130	2169842	105385	0	0
2005	SFO	813418	2822665	127055	0	0
2005	SGF	37012	162352	8328	0	0
2005	SGU	963	39530	2905	0	0
2005	SHV	45926	177671	8142	0	0
2005	SIT	10898	19031	1234	0	0
2005	SJC	214447	1035643	59851	0	0
2005	SJT	1679	38004	2163	0	0
2005	SJU	186257	591432	25294	0	0
2005	SLC	656477	3833915	158492	0	0
2005	SMF	314357	783830	50161	0	0
2005	SMX	-299	31843	2086	0	0
2005	SNA	178461	951387	47747	0	0
2005	SPI	2263	7235	285	0	0
2005	SPS	3948	64334	2611	0	0
2005	SRQ	36284	139289	7209	0	0
2005	STL	301754	1281029	65051	0	0
2005	STT	20150	69546	3257	0	0
2005	STX	5558	10075	466	0	0
2005	SUN	5669	36521	2920	0	0
2005	SWF	4430	61479	2914	0	0
2005	SYR	86309	325469	14238	0	0
2005	TLH	35692	106000	5149	0	0
2005	TOL	156	94247	5095	0	0
2005	TPA	510145	1529204	78537	0	0
2005	TRI	28504	77300	3541	0	0
2005	TUL	121909	403248	21673	0	0
2005	TUP	4169	10508	583	0	0
2005	TUS	87346	348688	19439	0	0
2005	TVC	21967	59099	2831	0	0
2005	TWF	9451	30392	2228	0	0
2005	TXK	3457	25484	1366	0	0
2005	TYR	2860	63932	3108	0	0
2005	TYS	39578	286329	13599	0	0
2005	VCT	-498	7349	499	0	0
2005	VIS	-505	4409	417	0	0
2005	VLD	19931	28070	1199	0	0
2005	VPS	35432	134485	6287	0	0
2005	WRG	8078	8389	696	0	0
2005	WYS	2312	3176	261	0	0
2005	XNA	100228	347008	13686	0	0
2005	YAK	6101	7743	705	0	0
2005	YUM	3541	16580	1211	0	0
