2003	ABE	9910	104473	3952	0	0
2003	ABI	-6815	46990	2493	0	0
2003	ABQ	7075	560814	36381	0	0
2003	ABY	6663	26241	1428	0	0
2003	ACK	1529	3592	187	0	0
2003	ACT	-11191	54211	2674	0	0
2003	ACV	20276	42637	3908	0	0
2003	ACY	-1837	2142	127	0	0
2003	ADK	677	689	68	0	0
2003	ADQ	5509	6317	675	0	0
2003	AEX	1147	62128	3172	0	0
2003	AGS	31968	85608	4178	0	0
2003	AKN	1921	2821	333	0	0
2003	ALB	80773	335038	16769	0	0
2003	AMA	15278	119960	8231	0	0
2003	ANC	58442	355773	20226	0	0
2003	ATL	2910963	13388775	363854	0	0
2003	ATW	-2020	18002	1042	0	0
2003	AUS	57185	719907	40451	0	0
2003	AVL	18495	67543	3525	0	0
2003	AVP	4895	21584	806	0	0
2003	AZO	4809	53199	3052	0	0
2003	BDL	70982	688671	32994	0	0
2003	BET	8287	10532	1106	0	0
2003	BFF	93	6	1	0	0
2003	BFL	-3012	38036	2707	0	0
2003	BGM	-2111	16413	1135	0	0
2003	BGR	1408	63264	3888	0	0
2003	BHM	42406	321424	19019	0	0
2003	BIL	-10288	69219	4289	0	0
2003	BIS	-12841	27092	1826	0	0
2003	BMI	21952	43083	1874	0	0
2003	BNA	54416	911766	54946	0	0
2003	BOI	15061	207316	14937	0	0
2003	BOS	404580	2730383	111665	0	0
2003	BPT	-4117	26276	1583	0	0
2003	BQK	6011	29368	1390	0	0
2003	BQN	544	6838	292	0	0
2003	BRO	-3283	28137	1707	0	0
2003	BRW	5152	5046	702	0	0
2003	BTM	1082	17997	1291	0	0
2003	BTR	49744	147818	7351	0	0
2003	BTV	42479	134594	6969	0	0
2003	BUF	66007	416239	21400	0	0
2003	BUR	76950	390321	26053	0	0
2003	BWI	389600	1817536	97473	0	0
2003	BZN	6871	70663	3989	0	0
2003	CAE	61254	195216	9199	0	0
2003	CAK	34735	103277	4362	0	0
2003	CDC	-541	11365	1048	0	0
2003	CDV	4094	6508	701	0	0
2003	CEC	2385	12899	1167	0	0
2003	CHA	18240	66737	3707	0	0
2003	CHO	4368	37355	2565	0	0
2003	CHS	35149	204655	9673	0	0
2003	CIC	2315	13757	1081	0	0
2003	CID	27584	103084	5280	0	0
2003	CLD	3302	23445	2096	0	0
2003	CLE	273331	2026547	88656	0	0
2003	CLL	-5670	58994	3196	0	0
2003	CLT	449609	2380333	101880	0	0
2003	CMH	136668	697466	34696	0	0
2003	CMI	13405	37945	1847	0	0
2003	COD	-181	9962	821	0	0
2003	COS	-1031	259350	11776	0	0
2003	CPR	5477	25851	2083	0	0
2003	CRP	35369	132657	7734	0	0
2003	CRW	18612	95941	5319	0	0
2003	CSG	3550	37198	2096	0	0
2003	CVG	529705	2302071	90470	0	0
2003	CYS	200	18	1	0	0
2003	DAB	39714	66181	2962	0	0
2003	DAL	195306	510177	44084	0	0
2003	DAY	81646	287194	12642	0	0
2003	DBQ	4363	19772	1040	0	0
2003	DCA	200337	1695452	76515	0	0
2003	DEN	343742	2914368	139887	0	0
2003	DFW	1184261	8119497	327135	0	0
2003	DHN	6038	30540	1783	0	0
2003	DLG	2657	2334	262	0	0
2003	DLH	573	19764	1182	0	0
2003	DRO	5488	21544	1519	0	0
2003	DSM	42989	188859	9152	0	0
2003	DTW	740274	3340571	137568	0	0
2003	DUT	6113	3903	511	0	0
2003	EFD	4985	26657	1537	0	0
2003	EGE	955	32637	1069	0	0
2003	EKO	483	30942	2945	0	0
2003	ELP	22660	298796	19895	0	0
2003	ERI	-316	1041	59	0	0
2003	EUG	14852	45353	3873	0	0
2003	EVV	10215	80329	4120	0	0
2003	EWR	980305	4551825	145676	0	0
2003	EYW	14610	15631	785	0	0
2003	FAI	-1957	72086	5234	0	0
2003	FAR	-6048	80615	4122	0	0
2003	FAT	26760	198648	13446	0	0
2003	FAY	11858	33848	1725	0	0
2003	FCA	-3874	29651	1846	0	0
2003	FLL	330219	1396553	59913	0	0
2003	FLO	4865	20154	1029	0	0
2003	FMN	299	19	2	0	0
2003	FNT	14511	66123	3212	0	0
2003	FSD	3278	67874	3215	0	0
2003	FSM	-7148	45470	2159	0	0
2003	FWA	22522	115939	5854	0	0
2003	GEG	2997	209203	14316	0	0
2003	GFK	116	13419	882	0	0
2003	GGG	-6935	24973	1264	0	0
2003	GJT	12957	48439	3807	0	0
2003	GNV	10719	46050	2372	0	0
2003	GPT	35601	115168	5681	0	0
2003	GRB	2332	90343	4603	0	0
2003	GRR	59951	259215	12541	0	0
2003	GSO	72086	325898	13809	0	0
2003	GSP	31147	265366	11585	0	0
2003	GST	24	1038	90	0	0
2003	GTF	-6645	39587	2625	0	0
2003	GTR	7905	47166	1924	0	0
2003	GUC	-454	4524	226	0	0
2003	HDN	8764	17085	633	0	0
2003	HLN	-4330	17661	1276	0	0
2003	HNL	-43096	347982	15601	0	0
2003	HOU	251205	722469	55892	0	0
2003	HPN	44384	195710	7846	0	0
2003	HRL	18378	66369	5595	0	0
2003	HSV	19184	149557	6629	0	0
2003	HTS	2761	18111	1044	0	0
2003	IAD	473397	2272049	100488	0	0
2003	IAH	329499	4618888	183821	0	0
2003	ICT	35754	209979	9880	0	0
2003	IDA	-70	39528	3247	0	0
2003	ILE	-10098	85101	4366	0	0
2003	ILM	-9737	65781	3247	0	0
2003	IND	117516	870800	41022	0	0
2003	IPL	-744	8174	729	0	0
2003	ISP	14604	151757	10588	0	0
2003	ITO	-1340	3766	357	0	0
2003	IYK	-5722	15698	1047	0	0
2003	JAC	14151	72457	4071	0	0
2003	JAN	5634	176844	10001	0	0
2003	JAX	98597	489724	25783	0	0
2003	JFK	183400	2094417	72960	0	0
2003	JNU	30006	70017	4288	0	0
2003	KOA	-11215	35450	2376	0	0
2003	KTN	9391	37540	2377	0	0
2003	LAN	5884	87782	4704	0	0
2003	LAS	508367	2915425	141904	0	0
2003	LAW	-9597	46428	2088	0	0
2003	LAX	169021	4262801	221122	0	0
2003	LBB	13609	143523	9796	0	0
2003	LCH	2304	25960	1532	0	0
2003	LEX	56971	140281	6661	0	0
2003	LFT	19420	75690	3895	0	0
2003	LGA	467172	3221820	102437	0	0
2003	LGB	5415	215670	10461	0	0
2003	LIH	-8932	30030	2485	0	0
2003	LIT	35143	270823	15971	0	0
2003	LNK	11350	35430	1704	0	0
2003	LNY	-346	468	57	0	0
2003	LRD	3484	43061	2260	0	0
2003	LSE	2802	28323	1589	0	0
2003	LWB	-264	3354	193	0	0
2003	LYH	-5049	16520	1047	0	0
2003	MAF	13310	111635	8145	0	0
2003	MBS	15010	85671	3821	0	0
2003	MCI	14732	1039211	58914	0	0
2003	MCN	9854	35376	1674	0	0
2003	MCO	241272	1840618	92420	0	0
2003	MDT	18964	166723	8214	0	0
2003	MDW	419902	1710325	84517	0	0
2003	MEI	9416	37042	1506	0	0
2003	MEM	181478	1079101	49310	0	0
2003	MFE	3834	56851	3030	0	0
2003	MFR	10494	48702	4173	0	0
2003	MGM	36873	70713	3587	0	0
2003	MHT	61230	362763	18871	0	0
2003	MIA	342051	1627265	60995	0	0
2003	MKE	65619	454166	20536	0	0
2003	MKK	-468	456	57	0	0
2003	MLB	8183	53599	2327	0	0
2003	MLI	26092	57882	2626	0	0
2003	MLU	3312	62679	3455	0	0
2003	MOB	22443	104957	4869	0	0
2003	MOD	5901	16111	1302	0	0
2003	MOT	-2034	17452	1095	0	0
2003	MQT	248	4842	293	0	0
2003	MRY	15037	110088	7318	0	0
2003	MSN	26389	149313	7397	0	0
2003	MSO	-3124	52864	3229	0	0
2003	MSP	404778	3538534	142907	0	0
2003	MSY	156478	874194	51802	0	0
2003	MTJ	7295	33118	2157	0	0
2003	MYR	12991	112283	5498	0	0
2003	OAK	99080	1010135	66662	0	0
2003	OGG	-14184	107234	6231	0	0
2003	OKC	58156	409252	23463	0	0
2003	OMA	40690	378457	20115	0	0
2003	OME	8654	9460	1015	0	0
2003	ONT	79594	512267	34966	0	0
2003	ORD	2643241	8890248	357295	0	0
2003	ORF	86153	411367	21892	0	0
2003	OTZ	8513	9320	1005	0	0
2003	OXR	-2683	25267	1702	0	0
2003	PBI	60587	507478	24894	0	0
2003	PDX	57976	881625	54947	0	0
2003	PFN	21131	62671	3179	0	0
2003	PHF	35913	92201	4278	0	0
2003	PHL	880158	3024024	105996	0	0
2003	PHX	608969	3406901	168047	0	0
2003	PIA	19213	76340	3608	0	0
2003	PIE	4272	50096	2450	0	0
2003	PIH	2340	20446	1786	0	0
2003	PIT	304472	1497006	64214	0	0
2003	PNS	29429	127254	6733	0	0
2003	PSC	3054	43217	3121	0	0
2003	PSG	6551	5466	653	0	0
2003	PSP	14961	193933	12212	0	0
2003	PVD	33995	515662	27445	0	0
2003	PWM	48402	199138	9412	0	0
2003	RAP	4931	63402	4042	0	0
2003	RDD	11093	26527	2201	0	0
2003	RDM	6524	28245	2545	0	0
2003	RDU	233646	1008770	50012	0	0
2003	RIC	55669	320449	15304	0	0
2003	RNO	53290	401896	27430	0	0
2003	ROA	13565	89956	4565	0	0
2003	ROC	85340	329755	15232	0	0
2003	RST	816	36166	1860	0	0
2003	RSW	58101	407093	18862	0	0
2003	SAN	117757	1529497	81695	0	0
2003	SAT	58876	651101	38490	0	0
2003	SAV	21707	186806	8714	0	0
2003	SBA	6810	153826	10806	0	0
2003	SBN	13115	52616	2939	0	0
2003	SBP	-846	88810	5530	0	0
2003	SCC	-188	3478	378	0	0
2003	SCE	-7967	20021	1409	0	0
2003	SDF	66271	369073	20495	0	0
2003	SEA	190771	2032469	103324	0	0
2003	SFO	93931	2614505	120866	0	0
2003	SGF	14294	85930	4089	0	0
2003	SGU	7226	36932	3065	0	0
2003	SHV	-11003	154143	8019	0	0
2003	SIT	4197	19770	1266	0	0
2003	SJC	2972	1093153	61978	0	0
2003	SJT	-7564	49566	2336	0	0
2003	SJU	36152	557060	23974	0	0
2003	SLC	324809	2606956	124244	0	0
2003	SMF	114649	689351	46338	0	0
2003	SMX	-7759	29180	2080	0	0
2003	SNA	137927	934848	45961	0	0
2003	SPS	-8034	46641	2021	0	0
2003	SRQ	6197	84537	4176	0	0
2003	STL	-4078	2297309	99485	0	0
2003	STT	8728	69027	3074	0	0
2003	STX	797	15355	622	0	0
2003	SUN	-4315	33238	2974	0	0
2003	SUX	318	22	1	0	0
2003	SWF	7298	37586	1727	0	0
2003	SYR	70425	273187	12527	0	0
2003	TLH	18543	77997	3694	0	0
2003	TOL	19747	77691	4281	0	0
2003	TPA	192713	1277063	66125	0	0
2003	TRI	15940	50415	2857	0	0
2003	TUL	45192	375395	21455	0	0
2003	TUS	15544	310067	18161	0	0
2003	TVC	17865	41253	2165	0	0
2003	TWF	8608	22592	1949	0	0
2003	TXK	-5128	30839	1736	0	0
2003	TYR	-14436	60810	2962	0	0
2003	TYS	22620	238623	10418	0	0
2003	VCT	2039	13799	871	0	0
2003	VIS	-2694	8470	818	0	0
2003	VLD	2644	24587	1433	0	0
2003	VPS	22171	108524	5322	0	0
2003	WRG	3863	5876	667	0	0
2003	WYS	-4211	3240	321	0	0
2003	XNA	62611	215406	10084	0	0
2003	YAK	3132	5829	683	0	0
2003	YUM	78	16637	1339	0	0
