2008	ABE	35934	106979	4642	0	0
2008	ABI	13168	47005	2614	0	0
2008	ABQ	181742	704297	40734	0	0
2008	ABY	12741	20636	1077	0	0
2008	ACK	11985	12465	419	0	0
2008	ACT	5921	36842	1919	0	0
2008	ACV	53043	56164	3569	0	0
2008	ACY	606	2699	112	0	0
2008	ADK	417	996	92	0	0
2008	ADQ	2448	6851	663	0	0
2008	AEX	24018	52778	2250	0	0
2008	AGS	27966	53340	2357	0	0
2008	AKN	2469	1129	112	0	0
2008	ALB	95482	278488	13171	0	0
2008	ALO	1710	7170	268	0	0
2008	AMA	42528	110885	7352	0	0
2008	ANC	64994	364249	18962	0	0
2008	ASE	59028	100038	4815	0	0
2008	ATL	4382225	10910571	407701	0	0
2008	ATW	50889	122118	5552	0	0
2008	AUS	294583	975002	48796	0	0
2008	AVL	34074	110169	4288	0	0
2008	AVP	26016	58089	2279	0	0
2008	AZO	28907	88601	3605	0	0
2008	BDL	172243	633914	28788	0	0
2008	BET	5761	10493	1007	0	0
2008	BFL	3104	82548	4447	0	0
2008	BGM	3267	18580	699	0	0
2008	BGR	35320	79904	2776	0	0
2008	BHM	189527	475763	23236	0	0
2008	BIL	253	84340	4455	0	0
2008	BIS	7199	45344	2248	0	0
2008	BJI	-268	1681	73	0	0
2008	BLI	-1433	2415	119	0	0
2008	BMI	52391	107432	4566	0	0
2008	BNA	430962	1083056	56579	0	0
2008	BOI	73812	296560	16883	0	0
2008	BOS	1049020	3135694	113906	0	0
2008	BPT	-636	4524	257	0	0
2008	BQK	5734	18211	906	0	0
2008	BQN	3414	28685	1507	0	0
2008	BRO	7377	28338	1407	0	0
2008	BRW	8856	6063	709	0	0
2008	BTM	-1782	12195	690	0	0
2008	BTR	109291	184356	8597	0	0
2008	BTV	89215	180692	6800	0	0
2008	BUF	229642	548685	25610	0	0
2008	BUR	101919	547898	30729	0	0
2008	BWI	726406	1908321	102866	0	0
2008	BZN	21149	106530	4608	0	0
2008	CAE	114434	239857	10115	0	0
2008	CAK	91238	206674	8748	0	0
2008	CDC	479	11067	656	0	0
2008	CDV	5404	8970	706	0	0
2008	CEC	24967	18393	1012	0	0
2008	CHA	32804	91610	4425	0	0
2008	CHO	7391	17690	806	0	0
2008	CHS	134900	346484	13721	0	0
2008	CIC	22780	22508	1360	0	0
2008	CID	88655	207392	8895	0	0
2008	CLD	4197	37759	2268	0	0
2008	CLE	527079	1482198	64258	0	0
2008	CLL	7489	26495	1323	0	0
2008	CLT	975176	3404176	123782	0	0
2008	CMH	263095	700083	33279	0	0
2008	CMI	31189	62663	2624	0	0
2008	CMX	2601	7063	279	0	0
2008	COD	-9082	22813	1171	0	0
2008	COS	105488	387220	15910	0	0
2008	CPR	-8809	52027	2670	0	0
2008	CRP	23820	85392	5122	0	0
2008	CRW	23825	70386	3314	0	0
2008	CSG	14903	30437	1444	0	0
2008	CVG	796092	2212313	89207	0	0
2008	CWA	27339	53008	2420	0	0
2008	DAB	34953	70502	2878	0	0
2008	DAL	464714	757512	52840	0	0
2008	DAY	99476	359882	15387	0	0
2008	DBQ	12261	26956	1253	0	0
2008	DCA	474405	2101737	83736	0	0
2008	DEN	1909790	5251869	238191	0	0
2008	DFW	2854728	6031221	273374	0	0
2008	DHN	18603	28081	1376	0	0
2008	DLG	1795	1198	111	0	0
2008	DLH	1755	48050	1969	0	0
2008	DRO	1832	73293	3579	0	0
2008	DSM	139011	363665	16029	0	0
2008	DTW	1550942	4409987	159004	0	0
2008	EGE	48205	84071	2959	0	0
2008	EKO	2491	28247	1549	0	0
2008	ELM	-496	33375	1306	0	0
2008	ELP	83364	355792	20497	0	0
2008	ERI	2976	33572	1337	0	0
2008	EUG	23393	98790	5650	0	0
2008	EVV	28654	123843	5583	0	0
2008	EWN	9207	16283	775	0	0
2008	EWR	2283554	4834328	133671	0	0
2008	EYW	16567	21466	982	0	0
2008	FAI	13505	80083	4751	0	0
2008	FAR	32838	101978	4325	0	0
2008	FAT	62769	259452	14084	0	0
2008	FAY	32432	47740	2230	0	0
2008	FCA	2985	59184	2735	0	0
2008	FLG	9325	41614	1769	0	0
2008	FLL	643895	1689910	66400	0	0
2008	FLO	5448	12273	601	0	0
2008	FNT	50674	190672	8551	0	0
2008	FSD	56049	128083	5703	0	0
2008	FSM	11382	54908	2839	0	0
2008	FWA	64303	139988	5829	0	0
2008	GCC	13608	21689	1026	0	0
2008	GEG	54878	276397	15346	0	0
2008	GFK	3453	27175	1345	0	0
2008	GGG	4802	18300	938	0	0
2008	GJT	13542	101003	5064	0	0
2008	GNV	12080	41727	2015	0	0
2008	GPT	60221	174453	8330	0	0
2008	GRB	79408	167014	7555	0	0
2008	GRK	26390	66655	3594	0	0
2008	GRR	128513	388274	16110	0	0
2008	GSO	106157	332467	13053	0	0
2008	GSP	81118	268679	11397	0	0
2008	GST	762	1254	83	0	0
2008	GTF	-7909	39805	2115	0	0
2008	GTR	11737	20933	946	0	0
2008	GUC	13001	20279	914	0	0
2008	HDN	28218	61093	2296	0	0
2008	HHH	9677	18258	791	0	0
2008	HLN	-5307	39980	1926	0	0
2008	HNL	209724	1014573	55766	0	0
2008	HOU	478655	788140	54245	0	0
2008	HPN	103269	275369	10333	0	0
2008	HRL	30325	51932	4205	0	0
2008	HSV	86499	245827	10499	0	0
2008	HTS	-1215	2159	155	0	0
2008	IAD	943171	1956495	73765	0	0
2008	IAH	1605307	4547047	181403	0	0
2008	ICT	117352	314489	13561	0	0
2008	IDA	1724	64318	3034	0	0
2008	ILM	38826	72221	3332	0	0
2008	IND	266559	980686	41899	0	0
2008	INL	-430	1293	71	0	0
2008	IPL	-858	16410	974	0	0
2008	ISP	40010	139794	10085	0	0
2008	ITH	2143	4080	120	0	0
2008	ITO	20334	111859	8000	0	0
2008	IYK	-2785	20029	913	0	0
2008	JAC	38494	92022	3652	0	0
2008	JAN	77842	240631	12314	0	0
2008	JAX	228407	675468	32105	0	0
2008	JFK	1385834	4788122	115161	0	0
2008	JNU	48546	79202	4268	0	0
2008	KOA	49524	193955	12623	0	0
2008	KTN	16256	39622	2295	0	0
2008	LAN	41121	90565	3524	0	0
2008	LAS	908448	3900577	170480	0	0
2008	LAW	5161	46094	2310	0	0
2008	LAX	1117150	4558648	212294	0	0
2008	LBB	54060	121615	8131	0	0
2008	LCH	6640	21238	955	0	0
2008	LEX	69226	233762	10034	0	0
2008	LFT	38754	107798	4704	0	0
2008	LGA	1144692	4074000	113112	0	0
2008	LGB	54223	324679	15263	0	0
2008	LIH	22153	176639	13064	0	0
2008	LIT	148031	287174	15004	0	0
2008	LMT	9918	8565	488	0	0
2008	LNK	28504	63266	2935	0	0
2008	LRD	12739	38150	2071	0	0
2008	LSE	15385	42449	1891	0	0
2008	LWB	2393	4005	183	0	0
2008	LWS	-2403	11351	647	0	0
2008	LYH	2151	11250	610	0	0
2008	MAF	52887	100982	6740	0	0
2008	MBS	20488	68857	2755	0	0
2008	MCI	389444	1124700	58371	0	0
2008	MCN	6377	14431	622	0	0
2008	MCO	879377	2710892	129392	0	0
2008	MDT	58486	170222	7380	0	0
2008	MDW	623358	1453066	86182	0	0
2008	MEI	7128	15571	662	0	0
2008	MEM	540470	2009328	79224	0	0
2008	MFE	21794	80440	3992	0	0
2008	MFR	39319	88778	5530	0	0
2008	MGM	32109	86753	3778	0	0
2008	MHT	136033	361959	18227	0	0
2008	MIA	927943	1545329	61596	0	0
2008	MKE	446484	944975	41404	0	0
2008	MKG	1827	4901	390	0	0
2008	MLB	22494	47936	1952	0	0
2008	MLI	77179	189655	8253	0	0
2008	MLU	15855	52227	2449	0	0
2008	MOB	46045	129005	6131	0	0
2008	MOD	26868	38846	2234	0	0
2008	MOT	4620	21313	1071	0	0
2008	MQT	9252	17559	937	0	0
2008	MRY	47796	128165	7404	0	0
2008	MSN	122511	326141	13291	0	0
2008	MSO	-2488	64094	3226	0	0
2008	MSP	970186	3390020	128239	0	0
2008	MSY	283144	704608	38510	0	0
2008	MTJ	5891	51089	2375	0	0
2008	MYR	30922	115764	5186	0	0
2008	OAJ	10936	24372	1155	0	0
2008	OAK	163328	953863	61459	0	0
2008	OGG	52074	278121	19629	0	0
2008	OKC	162499	484638	24705	0	0
2008	OMA	197498	559115	26442	0	0
2008	OME	3297	9885	1018	0	0
2008	ONT	148594	588977	34678	0	0
2008	ORD	5314826	8354198	334529	0	0
2008	ORF	133679	330982	16099	0	0
2008	OTH	13085	8754	496	0	0
2008	OTZ	2906	9515	1015	0	0
2008	OXR	-3981	25652	1271	0	0
2008	PBI	235822	593643	27449	0	0
2008	PDX	188985	1039242	57092	0	0
2008	PFN	36827	76737	3785	0	0
2008	PHF	54280	134431	6272	0	0
2008	PHL	823061	2959665	98258	0	0
2008	PHX	858272	4235564	197091	0	0
2008	PIA	43136	129089	5275	0	0
2008	PIH	-10740	27947	1638	0	0
2008	PIR	119	107	5	0	0
2008	PIT	347688	966806	40908	0	0
2008	PLN	-13	6628	250	0	0
2008	PMD	9658	13525	707	0	0
2008	PNS	67260	194352	9257	0	0
2008	PSC	-6346	47497	2507	0	0
2008	PSE	-1175	15145	742	0	0
2008	PSG	6299	8401	686	0	0
2008	PSP	71224	240836	11800	0	0
2008	PUB	148	72	2	0	0
2008	PVD	160675	439867	22057	0	0
2008	PWM	86944	162084	6649	0	0
2008	RAP	4190	83176	4054	0	0
2008	RDD	24524	27369	1639	0	0
2008	RDM	16024	55249	3402	0	0
2008	RDU	479382	1302731	58790	0	0
2008	RFD	1168	7850	285	0	0
2008	RHI	960	3774	207	0	0
2008	RIC	192321	471813	19424	0	0
2008	RKS	7856	18067	923	0	0
2008	RNO	115139	416397	23987	0	0
2008	ROA	34433	90332	3573	0	0
2008	ROC	160802	345898	13806	0	0
2008	ROW	5274	15824	948	0	0
2008	RST	30923	70635	3134	0	0
2008	RSW	173051	564343	26807	0	0
2008	SAN	425724	1877488	92323	0	0
2008	SAT	288655	843948	44629	0	0
2008	SAV	143053	328625	13364	0	0
2008	SBA	67766	225616	12354	0	0
2008	SBN	62032	123003	4982	0	0
2008	SBP	29551	108266	5735	0	0
2008	SCC	6032	7338	710	0	0
2008	SCE	2854	16781	617	0	0
2008	SDF	207446	466786	21993	0	0
2008	SEA	555462	2511655	107663	0	0
2008	SFO	1459851	3309043	137455	0	0
2008	SGF	117224	224015	9637	0	0
2008	SGU	-4971	53528	3275	0	0
2008	SHV	48635	156330	7795	0	0
2008	SIT	7317	21281	1285	0	0
2008	SJC	160641	999575	56219	0	0
2008	SJT	617	22042	1293	0	0
2008	SJU	207509	518012	21360	0	0
2008	SLC	420357	3371724	137584	0	0
2008	SLE	-4452	9895	483	0	0
2008	SMF	217233	875442	52437	0	0
2008	SMX	-3077	32233	1647	0	0
2008	SNA	160871	951446	46533	0	0
2008	SPI	24475	25791	1115	0	0
2008	SPS	2870	37316	1757	0	0
2008	SRQ	65652	134818	6336	0	0
2008	STL	445911	1180893	61255	0	0
2008	STT	22978	67377	2883	0	0
2008	STX	6809	9601	425	0	0
2008	SUN	-7841	42957	2691	0	0
2008	SUX	394	2540	111	0	0
2008	SWF	28150	99449	4183	0	0
2008	SYR	138248	303832	11687	0	0
2008	TEX	3118	4355	153	0	0
2008	TLH	35733	116202	5780	0	0
2008	TOL	8801	29385	1393	0	0
2008	TPA	486512	1527338	77258	0	0
2008	TRI	7610	42950	2055	0	0
2008	TUL	148537	457457	23028	0	0
2008	TUP	-18	263	10	0	0
2008	TUS	95329	498156	26396	0	0
2008	TVC	43723	101759	4091	0	0
2008	TWF	-4517	28331	1769	0	0
2008	TXK	7014	23742	1193	0	0
2008	TYR	5345	32691	1532	0	0
2008	TYS	112789	325422	13692	0	0
2008	VLD	10926	16903	922	0	0
2008	VPS	73990	152285	6659	0	0
2008	WRG	3124	8270	685	0	0
2008	WYS	-2937	3786	263	0	0
2008	XNA	150443	327536	13599	0	0
2008	YAK	4014	7985	704	0	0
2008	YKM	1835	6141	337	0	0
2008	YUM	12836	81016	3779	0	0
