2000	ABE	43157	115970	5971	0	0
2000	ABQ	288154	573545	35885	0	0
2000	ADQ	6259	6741	670	0	0
2000	AGS	-1063	20186	972	0	0
2000	AKN	2542	2871	289	0	0
2000	ALB	84811	249740	13207	0	0
2000	AMA	34183	58667	4663	0	0
2000	ANC	163531	328077	19542	0	0
2000	ATL	2618445	6774551	255858	0	0
2000	AUS	328613	720562	41863	0	0
2000	AVL	3241	25288	1524	0	0
2000	AVP	9582	22456	1466	0	0
2000	AZO	1617	18471	1008	0	0
2000	BDL	285273	745942	35290	0	0
2000	BET	14510	10152	942	0	0
2000	BGM	9646	12946	774	0	0
2000	BHM	113202	309936	19531	0	0
2000	BIL	13022	54222	2954	0	0
2000	BIS	-4983	20639	1399	0	0
2000	BNA	402745	956570	56618	0	0
2000	BOI	124638	181524	12401	0	0
2000	BOS	1187391	2914922	105038	0	0
2000	BQN	-41	397	16	0	0
2000	BRO	43	915	54	0	0
2000	BRW	7895	7533	816	0	0
2000	BTR	18290	76130	4318	0	0
2000	BTV	33261	47803	2516	0	0
2000	BUF	199208	364334	18067	0	0
2000	BUR	334914	382252	26779	0	0
2000	BWI	866880	1574583	89149	0	0
2000	BZN	-408	33482	1837	0	0
2000	CAE	13635	91300	4604	0	0
2000	CAK	-357	15753	1026	0	0
2000	CDV	11860	6933	699	0	0
2000	CHA	-348	14543	1032	0	0
2000	CHS	29576	126646	6679	0	0
2000	CID	40427	84764	4802	0	0
2000	CLE	374251	1262577	54127	0	0
2000	CLT	1204325	2767985	126308	0	0
2000	CMH	293231	654869	34423	0	0
2000	COS	100583	280876	11902	0	0
2000	CRP	19437	33619	3018	0	0
2000	CRW	5768	15366	1099	0	0
2000	CVG	633164	1768475	71254	0	0
2000	DAB	13989	40944	2004	0	0
2000	DAL	562338	562106	47112	0	0
2000	DAY	70525	225379	10625	0	0
2000	DCA	436544	1938331	81148	0	0
2000	DEN	2224709	2941900	132705	0	0
2000	DFW	2369931	6269397	237355	0	0
2000	DLG	4991	2617	263	0	0
2000	DLH	1733	16105	988	0	0
2000	DRO	309	2954	116	0	0
2000	DSM	61334	124771	6435	0	0
2000	DTW	1526373	3949194	148149	0	0
2000	DUT	4758	4648	495	0	0
2000	EGE	15683	35474	1147	0	0
2000	ELM	3378	19241	1367	0	0
2000	ELP	182019	350895	23308	0	0
2000	ERI	3763	20606	1379	0	0
2000	EUG	36660	31840	2051	0	0
2000	EWR	1162023	4149229	117890	0	0
2000	FAI	39767	74406	5063	0	0
2000	FAR	-3920	37662	2287	0	0
2000	FAT	3043	8936	356	0	0
2000	FAY	2595	18043	1361	0	0
2000	FCA	128	25253	1551	0	0
2000	FLL	565760	1097384	49577	0	0
2000	FNT	6023	28537	1239	0	0
2000	FSD	6564	64329	3427	0	0
2000	FWA	2359	8730	424	0	0
2000	GEG	108381	199835	12918	0	0
2000	GFK	-103	13720	998	0	0
2000	GPT	-5241	13247	1059	0	0
2000	GRB	2561	56561	2831	0	0
2000	GRR	37742	147723	7753	0	0
2000	GSO	120013	313639	14521	0	0
2000	GSP	28319	136356	6477	0	0
2000	GST	686	980	88	0	0
2000	GTF	-5448	34076	2288	0	0
2000	GUC	1652	5769	217	0	0
2000	HDN	7369	15967	668	0	0
2000	HLN	1237	10244	701	0	0
2000	HNL	78386	377633	16637	0	0
2000	HOU	559005	649203	54964	0	0
2000	HPN	59143	110560	4394	0	0
2000	HRL	33849	37490	4057	0	0
2000	HSV	21000	113637	5483	0	0
2000	IAD	784045	1560496	61652	0	0
2000	IAH	968577	3188703	128983	0	0
2000	ICT	45256	130428	6238	0	0
2000	ILM	7513	32498	2129	0	0
2000	IND	304346	698366	34168	0	0
2000	ISP	41176	116581	8288	0	0
2000	ITH	5145	22370	1359	0	0
2000	ITO	2571	8753	909	0	0
2000	JAC	14113	20875	834	0	0
2000	JAN	50369	133068	8849	0	0
2000	JAX	177015	433569	24184	0	0
2000	JFK	492130	1635370	44073	0	0
2000	JNU	54817	63682	4345	0	0
2000	KOA	20859	34948	2473	0	0
2000	KTN	21010	32495	2432	0	0
2000	LAN	6733	42334	2380	0	0
2000	LAS	1807986	2781864	135049	0	0
2000	LAX	2430501	4541933	203598	0	0
2000	LBB	46466	54927	5533	0	0
2000	LEX	14335	59244	3390	0	0
2000	LFT	-90	97	7	0	0
2000	LGA	1518770	3548021	96253	0	0
2000	LGB	29739	76946	3490	0	0
2000	LIH	138	18834	2052	0	0
2000	LIT	77436	208197	13175	0	0
2000	LNK	25338	46649	2666	0	0
2000	LSE	294	6447	430	0	0
2000	LWB	351	1121	81	0	0
2000	MAF	40697	50933	5222	0	0
2000	MBS	18843	69182	3706	0	0
2000	MCI	491356	1079726	60834	0	0
2000	MCO	923399	2093407	97721	0	0
2000	MDT	46669	136854	6979	0	0
2000	MDW	635116	872757	52010	0	0
2000	MEM	344948	1135946	53099	0	0
2000	MFE	14761	61944	3477	0	0
2000	MFR	29809	25649	1480	0	0
2000	MGM	2851	17890	968	0	0
2000	MHT	116154	235628	13359	0	0
2000	MIA	683589	1792329	65175	0	0
2000	MIB	-1255	1123	88	0	0
2000	MKE	79321	301331	14787	0	0
2000	MLB	7140	28896	1429	0	0
2000	MLI	7379	29929	1873	0	0
2000	MLU	7828	34501	2063	0	0
2000	MOB	21421	74818	4113	0	0
2000	MOT	-245	15805	992	0	0
2000	MRY	4313	4219	290	0	0
2000	MSN	13336	77641	3836	0	0
2000	MSO	3964	30069	1837	0	0
2000	MSP	1314251	3679569	142567	0	0
2000	MSY	376733	812594	50415	0	0
2000	MTJ	-469	4090	197	0	0
2000	MYR	9522	45065	2690	0	0
2000	OAK	616442	833849	56106	0	0
2000	OGG	42069	86421	5540	0	0
2000	OKC	166401	308460	19471	0	0
2000	OMA	154458	291872	16925	0	0
2000	OME	14409	9653	874	0	0
2000	ONT	323813	511861	34883	0	0
2000	ORD	4890182	7372350	276714	0	0
2000	ORF	113692	304562	15373	0	0
2000	OTZ	14441	8896	833	0	0
2000	PBI	258977	477474	22447	0	0
2000	PDX	489367	984137	55678	0	0
2000	PHL	1651962	3293850	114423	0	0
2000	PHX	2426777	3773100	183551	0	0
2000	PIA	26	270	15	0	0
2000	PIT	1045997	2223409	103043	0	0
2000	PNS	20298	102662	5540	0	0
2000	PSC	1428	21501	1417	0	0
2000	PSG	8481	6243	672	0	0
2000	PSP	39405	87398	4538	0	0
2000	PVD	183982	458846	25318	0	0
2000	PWM	46294	112072	5829	0	0
2000	RAP	-3555	19487	1253	0	0
2000	RDU	265358	682051	34638	0	0
2000	RIC	124838	326262	16423	0	0
2000	RNO	304667	492908	30215	0	0
2000	ROA	10782	32361	2113	0	0
2000	ROC	150364	267950	13127	0	0
2000	RST	13018	40609	2101	0	0
2000	RSW	115259	313705	14658	0	0
2000	SAN	746441	1327406	70975	0	0
2000	SAT	282306	624565	38017	0	0
2000	SAV	32019	103139	5259	0	0
2000	SBA	37618	33034	2465	0	0
2000	SBN	7028	32055	1940	0	0
2000	SCC	3578	3584	339	0	0
2000	SDF	157801	364774	21969	0	0
2000	SEA	1155510	2091975	101355	0	0
2000	SFO	1857824	3110463	127532	0	0
2000	SGF	1603	31936	1990	0	0
2000	SHV	26485	57000	3391	0	0
2000	SIT	13503	15903	1281	0	0
2000	SJC	764975	1370835	66004	0	0
2000	SJU	149306	610627	24640	0	0
2000	SLC	618203	1828336	78656	0	0
2000	SMF	421899	567072	38301	0	0
2000	SNA	387183	878912	41712	0	0
2000	SRQ	25908	95087	4856	0	0
2000	STL	1779750	3829106	165394	0	0
2000	STT	10235	58082	2726	0	0
2000	STX	3520	16795	714	0	0
2000	SUX	-1143	10174	678	0	0
2000	SWF	10544	26043	1200	0	0
2000	SYR	61712	233640	10883	0	0
2000	TLH	16268	40954	2047	0	0
2000	TOL	1374	14114	846	0	0
2000	TPA	555385	1206218	63293	0	0
2000	TRI	2309	14066	1081	0	0
2000	TUL	145729	325980	19504	0	0
2000	TUS	165747	362191	19566	0	0
2000	TVC	7694	21699	1087	0	0
2000	TYS	44856	131344	6730	0	0
2000	VPS	546	19488	1290	0	0
2000	WRG	7472	6004	677	0	0
2000	YAK	9832	6730	694	0	0
