5	ABE	42958	145941	6582	0	0
5	ABI	8016	59770	3115	0	0
5	ABQ	324966	821461	49489	0	0
5	ABY	12921	23993	1160	0	0
5	ACK	8409	6320	219	0	0
5	ACT	88	64809	3085	0	0
5	ACV	38249	43810	3320	0	0
5	ACY	5281	14952	551	0	0
5	ADQ	8102	8452	824	0	0
5	AEX	20294	57195	2545	0	0
5	AGS	29801	58839	2752	0	0
5	AKN	3946	2401	245	0	0
5	ALB	183634	417458	20236	0	0
5	ALO	1444	2374	87	0	0
5	AMA	63081	145729	9673	0	0
5	ANC	226820	476934	25824	0	0
5	APF	3477	8904	404	0	0
5	ASE	22212	37617	1843	0	0
5	ATL	6284006	15149790	457876	0	0
5	ATW	32433	71288	3194	0	0
5	AUS	377984	1081944	57932	0	0
5	AVL	41998	91143	3938	0	0
5	AVP	24113	68146	2657	0	0
5	AZO	29201	92315	4389	0	0
5	BDL	374226	967673	44210	0	0
5	BET	20354	17704	1591	0	0
5	BFL	24737	69439	3927	0	0
5	BGM	2479	21722	1010	0	0
5	BGR	46654	101478	4469	0	0
5	BHM	236659	502661	27136	0	0
5	BIL	15348	95637	5426	0	0
5	BIS	479	47164	2693	0	0
5	BJI	107	630	27	0	0
5	BLI	-603	3000	157	0	0
5	BMI	40601	68836	3060	0	0
5	BNA	603981	1352482	75556	0	0
5	BOI	144421	308466	19666	0	0
5	BOS	2002018	4371387	159347	0	0
5	BPT	-810	23131	1253	0	0
5	BQK	8652	19994	1007	0	0
5	BQN	1738	19484	933	0	0
5	BRO	3330	36145	1665	0	0
5	BRW	12094	8412	956	0	0
5	BTM	-890	14009	907	0	0
5	BTR	105753	210642	9958	0	0
5	BTV	116177	187648	7768	0	0
5	BUF	317139	638104	30122	0	0
5	BUR	416667	634669	38091	0	0
5	BWI	1329380	2479269	132075	0	0
5	BZN	15817	97309	4813	0	0
5	CAE	134234	251082	10794	0	0
5	CAK	75914	179899	7660	0	0
5	CDC	1718	7911	566	0	0
5	CDV	10841	9929	908	0	0
5	CEC	13269	12472	890	0	0
5	CHA	34727	89792	4483	0	0
5	CHO	10156	29869	1703	0	0
5	CHS	135793	313835	13946	0	0
5	CIC	12302	15774	1035	0	0
5	CID	78740	186985	9178	0	0
5	CKB	-5	16	1	0	0
5	CLD	10960	30038	2095	0	0
5	CLE	815644	2392799	100923	0	0
5	CLL	4624	59710	2923	0	0
5	CLT	1460587	3721437	153336	0	0
5	CMH	456294	984532	47957	0	0
5	CMI	31355	61934	2921	0	0
5	CMX	1256	2178	85	0	0
5	COD	-1260	15583	938	0	0
5	COS	110622	420056	17369	0	0
5	CPR	10943	44361	2673	0	0
5	CRP	59732	160335	8873	0	0
5	CRW	33487	89860	4151	0	0
5	CSG	17185	29163	1446	0	0
5	CVG	1235357	3898192	150258	0	0
5	CWA	10346	17153	773	0	0
5	DAB	51858	83976	3607	0	0
5	DAL	761574	848603	65857	0	0
5	DAY	136380	398396	17146	0	0
5	DBQ	11541	28390	1417	0	0
5	DCA	920399	2746399	113833	0	0
5	DEN	2233993	4884795	225363	0	0
5	DFW	3574738	9388156	385080	0	0
5	DHN	20555	30240	1513	0	0
5	DLG	6792	2560	266	0	0
5	DLH	9123	40712	2037	0	0
5	DRO	6149	40278	2088	0	0
5	DSM	123616	318875	14762	0	0
5	DTW	2243515	5078594	191964	0	0
5	DUT	4511	2827	317	0	0
5	EAU	313	355	13	0	0
5	EFD	312	7591	427	0	0
5	EGE	21646	61097	2156	0	0
5	EKO	5837	24353	1873	0	0
5	ELM	2763	14835	714	0	0
5	ELP	191567	474476	28870	0	0
5	ERI	1867	25337	1218	0	0
5	EUG	41829	83980	5547	0	0
5	EVV	42788	107786	4893	0	0
5	EWN	3310	4303	205	0	0
5	EWR	3059659	6491389	182102	0	0
5	EYW	17881	28569	1382	0	0
5	FAI	46454	101200	6621	0	0
5	FAR	21985	97150	4766	0	0
5	FAT	87481	230925	13430	0	0
5	FAY	27009	40915	1859	0	0
5	FCA	3392	55928	3143	0	0
5	FLG	6224	15954	757	0	0
5	FLL	931633	1925019	79004	0	0
5	FLO	7204	14750	744	0	0
5	FNT	45539	143099	6356	0	0
5	FSD	39183	123544	5858	0	0
5	FSM	8496	55581	2741	0	0
5	FWA	51957	126325	5813	0	0
5	GCC	1952	3155	144	0	0
5	GEG	110645	295143	18324	0	0
5	GFK	3428	21537	1273	0	0
5	GGG	1299	28952	1377	0	0
5	GJT	21768	62240	3737	0	0
5	GNV	20748	36986	1849	0	0
5	GPT	57042	128912	6146	0	0
5	GRB	52181	154693	7440	0	0
5	GRK	20119	64232	3168	0	0
5	GRR	137441	412561	17797	0	0
5	GSO	180053	462246	19287	0	0
5	GSP	99434	317897	13597	0	0
5	GST	1627	2886	113	0	0
5	GTF	-5299	57080	3636	0	0
5	GTR	10699	23590	1062	0	0
5	GUC	4087	13736	633	0	0
5	HDN	17958	39335	1573	0	0
5	HHH	4815	5874	250	0	0
5	HKY	639	1529	87	0	0
5	HLN	313	36203	2011	0	0
5	HNL	137866	933210	49286	0	0
5	HOU	838138	1031066	75826	0	0
5	HPN	170448	298862	10513	0	0
5	HRL	56745	83503	6728	0	0
5	HSV	80613	243526	10567	0	0
5	HTS	436	10072	657	0	0
5	HVN	894	5983	230	0	0
5	IAD	1258806	2842860	110931	0	0
5	IAH	1558171	6155368	237314	0	0
5	ICT	106245	293752	13165	0	0
5	IDA	5295	44977	2699	0	0
5	ILE	-1670	41573	1978	0	0
5	ILG	1637	2626	107	0	0
5	ILM	28193	73242	3920	0	0
5	IND	402933	1142260	51515	0	0
5	INL	-120	728	39	0	0
5	IPL	5511	12029	845	0	0
5	ISO	2989	3950	198	0	0
5	ISP	75663	214535	14424	0	0
5	ITH	1730	6298	350	0	0
5	ITO	11864	60585	5134	0	0
5	IYK	-2783	16042	885	0	0
5	JAC	32061	73756	3367	0	0
5	JAN	101548	252146	13815	0	0
5	JAX	351784	749292	37565	0	0
5	JFK	1864116	4272696	109311	0	0
5	JNU	79142	94655	5551	0	0
5	KOA	37312	140452	10085	0	0
5	KTN	28638	48726	3064	0	0
5	LAN	28792	107337	5163	0	0
5	LAS	2310032	4583278	204842	0	0
5	LAW	3288	57822	2624	0	0
5	LAX	2389648	6129470	286551	0	0
5	LBB	91714	167489	11266	0	0
5	LCH	8383	27875	1200	0	0
5	LEX	81721	209822	9337	0	0
5	LFT	28823	103679	4539	0	0
5	LGA	2215101	5290882	149353	0	0
5	LGB	56630	268191	12272	0	0
5	LIH	19514	114877	10547	0	0
5	LIT	189783	394016	21033	0	0
5	LMT	1321	1305	72	0	0
5	LNK	31553	59724	2850	0	0
5	LNY	-246	6016	39	0	0
5	LRD	12053	54336	2702	0	0
5	LSE	19432	42514	2122	0	0
5	LWB	1680	3520	183	0	0
5	LWS	844	7039	399	0	0
5	LYH	6012	15134	824	0	0
5	MAF	73544	142050	9943	0	0
5	MAZ	38	446	21	0	0
5	MBS	20656	90648	4155	0	0
5	MCI	556955	1446491	78403	0	0
5	MCN	9718	24309	1002	0	0
5	MCO	1229553	2920493	138304	0	0
5	MDT	84717	216742	9916	0	0
5	MDW	1122887	1948090	104795	0	0
5	MEI	9830	21623	892	0	0
5	MEM	691463	1784263	73961	0	0
5	MFE	23323	96016	4860	0	0
5	MFR	46830	74913	5226	0	0
5	MGM	42766	71036	3227	0	0
5	MHT	237096	509373	25060	0	0
5	MIA	969502	2148811	82350	0	0
5	MIB	-152	143	11	0	0
5	MKE	282635	687831	29819	0	0
5	MKG	552	808	64	0	0
5	MKK	-374	287	39	0	0
5	MLB	25863	61012	2712	0	0
5	MLI	59990	125638	5852	0	0
5	MLU	19975	58286	2999	0	0
5	MOB	51523	125026	6048	0	0
5	MOD	22591	27915	1715	0	0
5	MOT	-35	23237	1377	0	0
5	MQT	9541	14201	848	0	0
5	MRY	57035	122231	7267	0	0
5	MSN	110956	270553	11904	0	0
5	MSO	8374	72707	4152	0	0
5	MSP	1587761	4780741	182869	0	0
5	MSY	448114	999154	58436	0	0
5	MTH	220	402	15	0	0
5	MTJ	8574	39971	2182	0	0
5	MYR	49975	128624	6483	0	0
5	OAJ	5886	7576	347	0	0
5	OAK	866979	1423582	88372	0	0
5	OGD	252	25	2	0	0
5	OGG	50749	263607	18784	0	0
5	OKC	235681	541153	29508	0	0
5	OMA	201207	560217	28386	0	0
5	OME	20922	13683	1328	0	0
5	ONT	414644	766150	47844	0	0
5	ORD	6762990	11328272	441381	0	0
5	ORF	241003	519251	25484	0	0
5	ORH	1083	3408	160	0	0
5	OTH	1310	1335	71	0	0
5	OTZ	18652	12602	1231	0	0
5	OXR	246	24058	1379	0	0
5	PBI	358012	732636	33704	0	0
5	PDX	475146	1265611	72614	0	0
5	PFN	35179	56253	2593	0	0
5	PHF	61698	106269	4893	0	0
5	PHL	2317572	4490096	145586	0	0
5	PHX	2197289	5106830	243719	0	0
5	PIA	42129	96702	4304	0	0
5	PIE	1020	16070	759	0	0
5	PIH	-747	24204	1546	0	0
5	PIR	77	18	1	0	0
5	PIT	869464	2021852	87985	0	0
5	PLN	984	2843	108	0	0
5	PMD	1997	3225	167	0	0
5	PNS	79154	200627	9893	0	0
5	PSC	8205	50293	3117	0	0
5	PSE	-51	8079	358	0	0
5	PSG	13008	9000	871	0	0
5	PSP	89029	235247	12924	0	0
5	PVD	304184	699561	35438	0	0
5	PWM	133855	243553	10382	0	0
5	RAP	13478	77576	4297	0	0
5	RDD	21114	24089	1648	0	0
5	RDM	18065	39385	2772	0	0
5	RDR	-38	88	6	0	0
5	RDU	756805	1506394	70114	0	0
5	RFD	1339	5746	234	0	0
5	RHI	281	1226	65	0	0
5	RIC	260770	524020	23122	0	0
5	RKS	1509	2548	126	0	0
5	RNO	343716	581454	35548	0	0
5	ROA	37729	81498	3894	0	0
5	ROC	246760	487282	19936	0	0
5	ROW	1404	3011	175	0	0
5	RST	24135	67395	3326	0	0
5	RSW	232313	598350	27433	0	0
5	SAN	837831	2199290	111225	0	0
5	SAT	382801	940699	53324	0	0
5	SAV	137990	306387	13352	0	0
5	SBA	79131	211264	12679	0	0
5	SBN	39540	83909	3838	0	0
5	SBP	39508	108259	5889	0	0
5	SCC	4523	6168	606	0	0
5	SCE	669	18496	916	0	0
5	SDF	273659	549023	28403	0	0
5	SEA	1262439	2930748	136733	0	0
5	SFO	1711930	3841682	163154	0	0
5	SGF	90891	184404	8563	0	0
5	SGU	10479	40701	2768	0	0
5	SHV	59394	190977	9201	0	0
5	SIT	14388	25300	1660	0	0
5	SJC	705680	1603692	83541	0	0
5	SJT	440	46195	2385	0	0
5	SJU	204066	728139	30006	0	0
5	SLC	1080056	3743514	155449	0	0
5	SLE	-575	2914	138	0	0
5	SMF	596156	990718	62799	0	0
5	SMX	5668	29507	1665	0	0
5	SNA	459557	1299263	62170	0	0
5	SOP	1548	1213	51	0	0
5	SPI	13599	16000	679	0	0
5	SPS	1765	59169	2514	0	0
5	SRQ	48133	153817	7296	0	0
5	STL	1171395	2860800	128630	0	0
5	STT	22819	81728	3671	0	0
5	STX	4569	16576	688	0	0
5	SUN	2269	35746	2569	0	0
5	SUX	403	4268	233	0	0
5	SWF	32447	78881	3180	0	0
5	SYR	173679	388001	15943	0	0
5	TEX	1683	1950	84	0	0
5	TLH	41216	98450	4694	0	0
5	TOL	20754	76881	3849	0	0
5	TPA	772837	1827840	92514	0	0
5	TRI	16993	51218	2400	0	0
5	TTN	2622	3440	134	0	0
5	TUL	204292	528729	28896	0	0
5	TUP	2448	5740	290	0	0
5	TUS	180475	509191	27382	0	0
5	TVC	42229	77095	3542	0	0
5	TWF	5066	24497	1706	0	0
5	TXK	1014	32353	1679	0	0
5	TYR	-1671	62113	2969	0	0
5	TYS	98653	306111	13402	0	0
5	VCT	452	5814	372	0	0
5	VIS	-1099	2780	272	0	0
5	VLD	14917	20185	1038	0	0
5	VPS	61914	132229	6124	0	0
5	WRG	8838	9213	878	0	0
5	WYS	-190	2806	208	0	0
5	XNA	126663	301599	13036	0	0
5	YAK	9587	9254	900	0	0
5	YKM	1299	1942	111	0	0
5	YUM	15724	38281	2128	0	0
