6	ABE	4316	117331	5363	0	0
6	ABI	6619	49791	2476	0	0
6	ABQ	64364	678391	41862	0	0
6	ABY	3135	19069	934	0	0
6	ACK	4165	6041	234	0	0
6	ACT	-1019	50934	2408	0	0
6	ACV	27297	36958	2745	0	0
6	ACY	-1969	10643	520	0	0
6	ADQ	10128	8685	844	0	0
6	AEX	4375	41665	2010	0	0
6	AGS	10271	44142	2165	0	0
6	AKN	3431	2468	246	0	0
6	ALB	39330	340327	17701	0	0
6	ALO	1980	2089	85	0	0
6	AMA	27761	112229	7082	0	0
6	ANC	179651	462689	25688	0	0
6	APF	1981	9564	384	0	0
6	ASE	34387	41608	2077	0	0
6	ATL	2207678	11637173	408161	0	0
6	ATW	3319	59411	2532	0	0
6	AUS	90328	837133	45605	0	0
6	AVL	14272	73744	3445	0	0
6	AVP	9292	59978	2385	0	0
6	AZO	3752	79612	3931	0	0
6	BDL	73402	777573	38364	0	0
6	BET	14645	14586	1388	0	0
6	BFL	4818	56952	3426	0	0
6	BGM	249	20390	947	0	0
6	BGR	28074	88995	4113	0	0
6	BHM	45738	386041	22147	0	0
6	BIL	7393	91472	5207	0	0
6	BIS	-3829	43437	2492	0	0
6	BJI	127	443	21	0	0
6	BLI	-513	2816	154	0	0
6	BMI	15924	61533	2965	0	0
6	BNA	133956	1082248	62160	0	0
6	BOI	50396	273629	17431	0	0
6	BOS	433484	3105680	125487	0	0
6	BPT	-1041	17718	959	0	0
6	BQK	3746	15084	811	0	0
6	BQN	574	18178	880	0	0
6	BRO	6369	33703	1551	0	0
6	BRW	9041	7656	909	0	0
6	BTM	-706	13085	821	0	0
6	BTR	51829	161012	7919	0	0
6	BTV	55046	163697	7258	0	0
6	BUF	123667	545835	26978	0	0
6	BUR	83702	462658	29590	0	0
6	BWI	405240	2022102	114086	0	0
6	BZN	19661	96579	4757	0	0
6	CAE	38172	193669	9063	0	0
6	CAK	18185	161098	7038	0	0
6	CDC	246	6245	449	0	0
6	CDV	8695	10016	915	0	0
6	CEC	9811	10423	709	0	0
6	CHA	7477	65736	3722	0	0
6	CHO	-3359	25004	1521	0	0
6	CHS	46073	283352	12989	0	0
6	CIC	8292	13125	862	0	0
6	CID	31931	151998	7721	0	0
6	CKB	5	1443	1	0	0
6	CLD	3964	21854	1554	0	0
6	CLE	46106	1502124	67935	0	0
6	CLL	-1384	46850	2304	0	0
6	CLT	446680	2956462	131827	0	0
6	CMH	112688	754396	38741	0	0
6	CMI	12363	51411	2528	0	0
6	CMX	532	1946	78	0	0
6	COD	641	14928	926	0	0
6	COS	66708	379146	15934	0	0
6	CPR	7362	38384	2363	0	0
6	CRP	22898	119934	6738	0	0
6	CRW	11975	67722	3524	0	0
6	CSG	5615	22702	1278	0	0
6	CVG	429247	3197763	127380	0	0
6	CWA	4838	13417	656	0	0
6	CYS	200	18	1	0	0
6	DAB	26010	88261	3936	0	0
6	DAL	137646	441764	37459	0	0
6	DAY	39607	317854	14132	0	0
6	DBQ	1975	21362	1183	0	0
6	DCA	67641	1785500	82301	0	0
6	DEN	1435200	4379986	209364	0	0
6	DFW	1780335	7900760	343901	0	0
6	DHN	7529	22490	1266	0	0
6	DLG	5439	3549	364	0	0
6	DLH	6458	33653	1680	0	0
6	DRO	5675	37931	1991	0	0
6	DSM	61828	263307	12359	0	0
6	DTW	954610	4056525	162340	0	0
6	DUT	4329	2630	296	0	0
6	EAU	163	177	8	0	0
6	EFD	-169	4486	257	0	0
6	EGE	52136	96157	3129	0	0
6	EKO	1817	16920	1256	0	0
6	ELM	1105	10140	510	0	0
6	ELP	45998	357576	22034	0	0
6	ERI	-665	21430	1088	0	0
6	EUG	23711	76004	4843	0	0
6	EVV	2106	90260	4158	0	0
6	EWN	2144	3259	170	0	0
6	EWR	410076	4216474	142801	0	0
6	EYW	15372	27682	1391	0	0
6	FAI	31980	94755	6347	0	0
6	FAR	4989	82384	4103	0	0
6	FAT	31674	194372	11622	0	0
6	FAY	12469	32740	1691	0	0
6	FCA	4352	54026	3048	0	0
6	FLG	4305	13718	696	0	0
6	FLL	476157	1848494	77331	0	0
6	FLO	2093	9670	522	0	0
6	FNT	25594	139580	6092	0	0
6	FSD	6838	102700	5035	0	0
6	FSM	2659	46764	2283	0	0
6	FWA	12622	114030	5385	0	0
6	GCC	1963	3126	141	0	0
6	GEG	34035	259134	16073	0	0
6	GFK	1655	20193	1189	0	0
6	GGG	-488	27741	1299	0	0
6	GJT	17079	53393	3270	0	0
6	GNV	7627	26288	1503	0	0
6	GPT	23016	109956	5652	0	0
6	GRB	12470	129526	6452	0	0
6	GRK	12405	49849	2429	0	0
6	GRR	42355	322984	14862	0	0
6	GSO	41410	368900	15830	0	0
6	GSP	9336	249380	11405	0	0
6	GST	857	1422	110	0	0
6	GTF	-7044	56223	3562	0	0
6	GTR	1514	19334	937	0	0
6	GUC	6831	16437	746	0	0
6	HDN	21701	48190	1893	0	0
6	HHH	4197	5575	234	0	0
6	HKY	170	1387	84	0	0
6	HLN	-2740	33645	1911	0	0
6	HNL	81511	931783	49467	0	0
6	HOU	202216	709470	53804	0	0
6	HPN	31413	162791	6989	0	0
6	HRL	16545	67802	5388	0	0
6	HSV	12926	197906	8801	0	0
6	HTS	-1358	10873	612	0	0
6	HVN	189	2960	196	0	0
6	IAD	471357	2370624	101972	0	0
6	IAH	505246	4525831	184723	0	0
6	ICT	41505	252113	11413	0	0
6	IDA	3862	40556	2462	0	0
6	ILE	-584	34638	1667	0	0
6	ILG	1119	2467	103	0	0
6	ILM	5281	63631	3649	0	0
6	IND	110265	940338	43864	0	0
6	INL	332	878	41	0	0
6	IPL	1581	8652	628	0	0
6	ISO	1336	3768	190	0	0
6	ISP	1261	193892	12970	0	0
6	ITH	-245	4992	281	0	0
6	ITO	-4750	58781	5060	0	0
6	IYK	-1976	10914	658	0	0
6	JAC	37540	87919	3942	0	0
6	JAN	25172	210079	11895	0	0
6	JAX	111424	649882	33614	0	0
6	JFK	967449	3704903	104932	0	0
6	JNU	62020	96605	5682	0	0
6	KOA	31040	147657	10414	0	0
6	KTN	22206	47598	3070	0	0
6	LAN	4385	89088	4365	0	0
6	LAS	563100	3748520	184758	0	0
6	LAW	-2206	47874	2198	0	0
6	LAX	850712	5191960	252102	0	0
6	LBB	26717	135989	9006	0	0
6	LCH	4503	18619	808	0	0
6	LEX	16744	162173	7703	0	0
6	LFT	16165	73074	3256	0	0
6	LGA	-169940	3055718	108913	0	0
6	LGB	11334	235459	11286	0	0
6	LIH	14041	121454	10943	0	0
6	LIT	66364	317994	17475	0	0
6	LMT	1354	1090	68	0	0
6	LNK	11574	52453	2580	0	0
6	LNY	-130	3172	38	0	0
6	LRD	7977	39043	1935	0	0
6	LSE	7731	36957	1933	0	0
6	LWB	443	4498	185	0	0
6	LWS	-263	6359	366	0	0
6	LYH	-580	10778	645	0	0
6	MAF	19575	103787	7254	0	0
6	MAZ	-2	459	20	0	0
6	MBS	3517	76840	3601	0	0
6	MCI	104891	1142430	63119	0	0
6	MCN	6893	16216	776	0	0
6	MCO	690026	2938436	141929	0	0
6	MDT	18991	187372	9022	0	0
6	MDW	84721	1347298	82477	0	0
6	MEI	2419	13912	717	0	0
6	MEM	290912	1496040	65944	0	0
6	MFE	11565	84947	4335	0	0
6	MFR	29734	65826	4542	0	0
6	MGM	19425	59424	2913	0	0
6	MHT	43308	415503	22193	0	0
6	MIA	638336	2145870	85922	0	0
6	MIB	-235	132	12	0	0
6	MKE	69283	519627	23906	0	0
6	MKG	12	233	19	0	0
6	MKK	-327	292	38	0	0
6	MLB	8619	59286	2818	0	0
6	MLI	20305	116446	5587	0	0
6	MLU	6413	46093	2517	0	0
6	MOB	22933	99358	4991	0	0
6	MOD	14247	21625	1350	0	0
6	MOT	-1926	23361	1368	0	0
6	MQT	2626	5611	355	0	0
6	MRY	20204	106122	6571	0	0
6	MSN	22483	209902	9547	0	0
6	MSO	7498	70794	4004	0	0
6	MSP	615917	3830034	157410	0	0
6	MSY	153194	851075	50655	0	0
6	MTH	210	851	32	0	0
6	MTJ	18193	55852	2704	0	0
6	MYR	25647	152587	7894	0	0
6	OAJ	786	5492	273	0	0
6	OAK	147896	1120071	73348	0	0
6	OGD	413	26	2	0	0
6	OGG	43953	276147	19335	0	0
6	OKC	64624	431253	23992	0	0
6	OMA	57591	459482	24326	0	0
6	OME	13859	12570	1240	0	0
6	ONT	99055	601596	38856	0	0
6	ORD	2422396	9114901	386255	0	0
6	ORF	101147	434566	22192	0	0
6	ORH	473	3272	156	0	0
6	OTH	1379	1087	68	0	0
6	OTZ	13698	12975	1302	0	0
6	OXR	-244	17586	1046	0	0
6	PBI	95834	666770	32579	0	0
6	PDX	141840	1094668	63932	0	0
6	PFN	20315	59782	3009	0	0
6	PHF	22472	96652	4697	0	0
6	PHL	524942	3188653	123477	0	0
6	PHX	839271	4272531	212482	0	0
6	PIA	13985	84366	3920	0	0
6	PIE	1854	15307	774	0	0
6	PIH	-2826	21541	1491	0	0
6	PIT	205443	1587201	74675	0	0
6	PLN	-390	2741	102	0	0
6	PMD	2050	3307	163	0	0
6	PNS	40782	181324	9234	0	0
6	PSC	2453	47192	2914	0	0
6	PSE	556	8063	359	0	0
6	PSG	12898	9018	868	0	0
6	PSP	54251	230132	12852	0	0
6	PUB	58	14	1	0	0
6	PVD	29788	565931	30894	0	0
6	PWM	64091	217619	10115	0	0
6	RAP	7462	73824	4093	0	0
6	RDD	13053	22720	1531	0	0
6	RDM	11370	34261	2419	0	0
6	RDR	-32	93	6	0	0
6	RDU	160689	1138409	56554	0	0
6	RFD	10	5613	228	0	0
6	RHI	236	863	43	0	0
6	RIC	71786	400611	18415	0	0
6	RKS	694	2491	132	0	0
6	RNO	146230	504388	31366	0	0
6	ROA	12620	72235	3440	0	0
6	ROC	88606	409349	17836	0	0
6	ROW	1690	2378	136	0	0
6	RST	9257	55231	2856	0	0
6	RSW	99790	605301	28487	0	0
6	SAN	208431	1854964	98634	0	0
6	SAT	72798	743796	42972	0	0
6	SAV	69128	291619	13011	0	0
6	SBA	26182	175991	10895	0	0
6	SBN	18799	73097	3427	0	0
6	SBP	16739	93792	5337	0	0
6	SCC	4335	6126	602	0	0
6	SCE	-3912	17701	866	0	0
6	SDF	75411	431409	22577	0	0
6	SEA	648321	2629803	125181	0	0
6	SFO	664317	3272925	146674	0	0
6	SGF	46101	164261	7922	0	0
6	SGU	2208	38052	2596	0	0
6	SHV	15378	145631	7431	0	0
6	SIT	8256	24658	1671	0	0
6	SJC	75124	1172699	65449	0	0
6	SJT	-748	37938	1964	0	0
6	SJU	245728	877580	35575	0	0
6	SLC	473092	3286079	142186	0	0
6	SLE	-839	2125	103	0	0
6	SMF	167481	822145	52538	0	0
6	SMX	-3454	23483	1427	0	0
6	SNA	58049	997494	50795	0	0
6	SOP	139	529	28	0	0
6	SPI	2889	12989	583	0	0
6	SPS	-3540	48814	2082	0	0
6	SRQ	22634	157304	7607	0	0
6	STL	104697	2163489	104200	0	0
6	STT	44157	123926	5445	0	0
6	STX	9000	21929	999	0	0
6	SUN	1401	34429	2518	0	0
6	SUX	440	3530	212	0	0
6	SWF	9326	68737	3073	0	0
6	SYR	54736	320607	14135	0	0
6	TEX	1562	2155	89	0	0
6	TLH	14819	83687	4219	0	0
6	TOL	576	64329	3331	0	0
6	TPA	243629	1658758	88475	0	0
6	TRI	2625	34150	2118	0	0
6	TTN	153	1711	73	0	0
6	TUL	59808	427994	23406	0	0
6	TUP	911	4277	245	0	0
6	TUS	52810	465729	26049	0	0
6	TVC	19334	78249	3733	0	0
6	TWF	1703	23318	1682	0	0
6	TXK	-2543	30111	1546	0	0
6	TYR	-3478	53483	2568	0	0
6	TYS	13472	243249	11242	0	0
6	VCT	-672	3059	208	0	0
6	VIS	-647	1896	186	0	0
6	VLD	2130	15117	900	0	0
6	VPS	37406	135101	6186	0	0
6	WRG	9274	9218	874	0	0
6	WYS	-682	3823	281	0	0
6	XNA	45348	190471	8707	0	0
6	YAK	7363	8930	903	0	0
6	YKM	1093	1864	103	0	0
6	YUM	5560	30570	1782	0	0
