1	ABE	37352	153024	6546	0	0
1	ABI	13206	61428	3162	0	0
1	ABQ	169905	799650	49420	0	0
1	ABY	12512	21883	1147	0	0
1	ACK	8060	6904	244	0	0
1	ACT	2051	63071	3060	0	0
1	ACV	32761	43150	3342	0	0
1	ACY	2293	12377	518	0	0
1	ADQ	4657	8701	852	0	0
1	AEX	23234	60966	2517	0	0
1	AGS	33691	62846	2719	0	0
1	AKN	2480	2350	245	0	0
1	ALB	132570	414954	20321	0	0
1	ALO	1500	2160	82	0	0
1	AMA	43141	145868	9619	0	0
1	ANC	131285	459774	25800	0	0
1	APF	5629	9783	397	0	0
1	ASE	21804	36343	1819	0	0
1	ATL	5291723	15142312	457840	0	0
1	ATW	39850	76305	3217	0	0
1	AUS	264185	1068743	57881	0	0
1	AVL	45328	90579	3961	0	0
1	AVP	29063	66821	2652	0	0
1	AZO	33245	94269	4427	0	0
1	BDL	211499	930504	44108	0	0
1	BET	9127	16476	1593	0	0
1	BFL	15514	66975	3888	0	0
1	BGM	3760	23365	1012	0	0
1	BGR	43118	92355	4503	0	0
1	BHM	136924	491989	27231	0	0
1	BIL	12721	99660	5450	0	0
1	BIS	4261	46744	2692	0	0
1	BJI	376	648	29	0	0
1	BLI	-196	2875	158	0	0
1	BMI	43567	69568	3102	0	0
1	BNA	355614	1322449	75723	0	0
1	BOI	83083	304973	19679	0	0
1	BOS	1201360	4166811	158948	0	0
1	BPT	1309	23073	1232	0	0
1	BQK	9605	18046	992	0	0
1	BQN	1065	19441	938	0	0
1	BRO	10448	36550	1635	0	0
1	BRW	6390	7536	925	0	0
1	BTM	-329	13501	889	0	0
1	BTR	112335	209374	9911	0	0
1	BTV	82437	184254	7787	0	0
1	BUF	232305	637227	30420	0	0
1	BUR	189752	596342	37831	0	0
1	BWI	698549	2381772	131858	0	0
1	BZN	21989	95666	4788	0	0
1	CAE	111973	244523	10801	0	0
1	CAK	79307	176209	7657	0	0
1	CDC	1001	7554	566	0	0
1	CDV	3903	9544	912	0	0
1	CEC	13170	12642	920	0	0
1	CHA	33617	88869	4488	0	0
1	CHO	7681	29753	1690	0	0
1	CHS	102238	309669	14033	0	0
1	CIC	11214	15793	1052	0	0
1	CID	81461	189658	9235	0	0
1	CKB	5	26	1	0	0
1	CLD	5436	29116	2101	0	0
1	CLE	592648	2357172	100484	0	0
1	CLL	3282	57145	2892	0	0
1	CLT	1067842	3683539	153974	0	0
1	CMH	325179	975224	48089	0	0
1	CMI	26459	61750	2943	0	0
1	CMX	1702	2168	83	0	0
1	COD	-12	15586	932	0	0
1	COS	93340	411001	17351	0	0
1	CPR	8285	44711	2692	0	0
1	CRP	59335	157888	8862	0	0
1	CRW	30834	78083	4128	0	0
1	CSG	12391	25273	1405	0	0
1	CVG	920174	3779677	150341	0	0
1	CWA	13322	18377	805	0	0
1	DAB	47992	83716	3625	0	0
1	DAL	348714	798993	64690	0	0
1	DAY	119444	388847	17222	0	0
1	DBQ	13769	28715	1430	0	0
1	DCA	558063	2696185	114385	0	0
1	DEN	1890926	4821573	226391	0	0
1	DFW	3215555	9279226	385746	0	0
1	DHN	17506	29349	1487	0	0
1	DLG	2132	2351	245	0	0
1	DLH	9114	40672	2042	0	0
1	DRO	3722	39479	2086	0	0
1	DSM	123509	323135	14792	0	0
1	DTW	1831304	5031490	193003	0	0
1	DUT	3304	2907	334	0	0
1	EAU	-80	259	12	0	0
1	EFD	1233	7527	408	0	0
1	EGE	18059	59863	2117	0	0
1	EKO	906	24122	1872	0	0
1	ELM	2284	15133	729	0	0
1	ELP	97150	456748	28855	0	0
1	ERI	381	25394	1228	0	0
1	EUG	35797	83801	5527	0	0
1	EVV	41029	105093	4886	0	0
1	EWN	4208	4208	201	0	0
1	EWR	1890127	6152252	183264	0	0
1	EYW	19285	28154	1376	0	0
1	FAI	20980	98861	6593	0	0
1	FAR	30856	98946	4781	0	0
1	FAT	73678	223783	13500	0	0
1	FAY	24300	36193	1840	0	0
1	FCA	1764	55402	3126	0	0
1	FLG	5389	15392	746	0	0
1	FLL	625686	1854555	78898	0	0
1	FLO	8535	13715	732	0	0
1	FNT	52634	141888	6369	0	0
1	FSD	42341	121687	5877	0	0
1	FSM	10443	55598	2743	0	0
1	FWA	58665	131474	5879	0	0
1	GCC	1546	3246	152	0	0
1	GEG	62091	288030	18291	0	0
1	GFK	4416	21190	1263	0	0
1	GGG	537	28551	1373	0	0
1	GJT	15757	61206	3734	0	0
1	GLH	0	15	1	0	0
1	GNV	24187	37871	1831	0	0
1	GPT	57229	129832	6107	0	0
1	GRB	63057	162548	7569	0	0
1	GRK	23650	65143	3149	0	0
1	GRR	137788	412890	17936	0	0
1	GSO	166344	474512	19462	0	0
1	GSP	95569	316975	13665	0	0
1	GST	746	1440	109	0	0
1	GTF	-6834	57783	3660	0	0
1	GTR	10162	22802	1053	0	0
1	GUC	4081	13581	626	0	0
1	HDN	13653	37623	1560	0	0
1	HHH	6219	5773	251	0	0
1	HKY	715	1671	92	0	0
1	HLN	-1192	37413	1988	0	0
1	HNL	6755	874620	47145	0	0
1	HOU	470047	991841	75206	0	0
1	HPN	110476	277560	10580	0	0
1	HRL	31981	83114	6694	0	0
1	HSV	80525	246760	10600	0	0
1	HTS	500	11284	667	0	0
1	HVN	1310	4097	243	0	0
1	IAD	920475	2761580	111482	0	0
1	IAH	1866318	6340155	235951	0	0
1	ICT	113764	301026	13245	0	0
1	IDA	2950	45024	2701	0	0
1	ILE	1725	42154	1985	0	0
1	ILG	1291	3004	111	0	0
1	ILM	28359	77864	3967	0	0
1	IND	285860	1126870	51846	0	0
1	INL	717	781	39	0	0
1	IPL	1295	12010	855	0	0
1	ISO	3374	7003	198	0	0
1	ISP	19519	209620	14533	0	0
1	ITH	63	5647	351	0	0
1	ITO	-6806	59097	5106	0	0
1	IYK	-2108	16481	895	0	0
1	JAC	27254	71955	3329	0	0
1	JAN	84978	255441	13763	0	0
1	JAX	235396	737038	37687	0	0
1	JFK	977693	3873934	109771	0	0
1	JNU	46130	92468	5544	0	0
1	KOA	14950	131551	9711	0	0
1	KTN	17316	48734	3065	0	0
1	LAN	30313	108987	5210	0	0
1	LAS	1392967	4317418	202723	0	0
1	LAW	2482	55662	2538	0	0
1	LAX	1367884	5916420	286208	0	0
1	LBB	53620	163759	11212	0	0
1	LCH	9780	27890	1180	0	0
1	LEX	76343	209527	9344	0	0
1	LFT	39528	104537	4481	0	0
1	LGA	1388530	5058343	150640	0	0
1	LGB	30561	261061	12277	0	0
1	LIH	-17796	105021	9806	0	0
1	LIT	126749	387413	21101	0	0
1	LMT	2485	1370	70	0	0
1	LNK	32753	59670	2865	0	0
1	LNY	-283	3141	37	0	0
1	LRD	17773	53263	2667	0	0
1	LSE	17812	42711	2131	0	0
1	LWB	2059	3259	156	0	0
1	LWS	227	7148	404	0	0
1	LYH	3699	14320	810	0	0
1	MAF	46320	139976	9986	0	0
1	MAZ	143	367	18	0	0
1	MBS	23197	91418	4188	0	0
1	MCI	343971	1421533	78524	0	0
1	MCN	17519	20361	984	0	0
1	MCO	842276	2839740	137951	0	0
1	MDT	75638	220395	9973	0	0
1	MDW	696777	1906032	104367	0	0
1	MEI	9297	20512	867	0	0
1	MEM	482609	1701705	74306	0	0
1	MFE	29319	96541	4857	0	0
1	MFR	41064	74439	5203	0	0
1	MGM	37674	70366	3236	0	0
1	MHT	137178	490535	25058	0	0
1	MIA	818248	2138904	82563	0	0
1	MIB	-191	174	12	0	0
1	MKE	238238	698019	30331	0	0
1	MKG	352	829	66	0	0
1	MKK	-416	274	38	0	0
1	MLB	23049	61203	2701	0	0
1	MLI	59331	129249	5914	0	0
1	MLU	24895	62356	3001	0	0
1	MOB	52618	126528	6018	0	0
1	MOD	22740	27771	1713	0	0
1	MOT	4715	24080	1385	0	0
1	MQT	9425	15491	859	0	0
1	MRY	33035	119299	7289	0	0
1	MSN	112950	276411	12071	0	0
1	MSO	8753	73485	4159	0	0
1	MSP	1571644	4809808	183422	0	0
1	MSY	322653	996590	58311	0	0
1	MTH	533	495	16	0	0
1	MTJ	7209	38568	2146	0	0
1	MYR	48299	128160	6383	0	0
1	OAJ	5450	7927	357	0	0
1	OAK	380747	1343141	87799	0	0
1	OGG	1263	247898	17904	0	0
1	OKC	165045	535380	29513	0	0
1	OMA	201089	563547	28451	0	0
1	OME	11684	12765	1265	0	0
1	ONT	195102	728974	47537	0	0
1	ORD	6360932	11477495	443547	0	0
1	ORF	178626	510661	25677	0	0
1	ORH	217	3270	158	0	0
1	OTH	2798	1266	74	0	0
1	OTZ	10892	12997	1306	0	0
1	OXR	-1041	24120	1405	0	0
1	PBI	241982	711559	33833	0	0
1	PDX	322705	1250119	72844	0	0
1	PFN	35140	52022	2555	0	0
1	PHF	60123	110126	4927	0	0
1	PHL	1398070	4228151	146112	0	0
1	PHX	1485994	4999922	243486	0	0
1	PIA	46352	98227	4328	0	0
1	PIE	2928	15721	772	0	0
1	PIH	-1056	23047	1566	0	0
1	PIR	187	68	3	0	0
1	PIT	567390	1987269	88361	0	0
1	PLN	280	2753	107	0	0
1	PMD	2459	3114	162	0	0
1	PNS	74910	195598	9766	0	0
1	PSC	4695	49871	3114	0	0
1	PSE	292	7750	362	0	0
1	PSG	6750	9031	863	0	0
1	PSP	68054	231485	12948	0	0
1	PUB	78	49	1	0	0
1	PVD	164334	672226	35423	0	0
1	PWM	110764	233923	10441	0	0
1	RAP	15155	76465	4303	0	0
1	RDD	17545	24270	1666	0	0
1	RDM	15330	39370	2763	0	0
1	RDR	-69	65	6	0	0
1	RDU	516275	1473335	70269	0	0
1	RFD	-39	5567	232	0	0
1	RHI	853	1305	67	0	0
1	RIC	192260	518791	23246	0	0
1	RKS	848	2598	136	0	0
1	RNO	193384	560499	35330	0	0
1	ROA	34399	87022	3906	0	0
1	ROC	198354	465458	20056	0	0
1	ROW	1613	2958	176	0	0
1	RST	29059	69979	3349	0	0
1	RSW	164431	587527	27451	0	0
1	SAN	459785	2113361	110832	0	0
1	SAT	241729	918372	53032	0	0
1	SAV	113187	299918	13377	0	0
1	SBA	47263	204368	12679	0	0
1	SBN	39440	82789	3781	0	0
1	SBP	26527	104764	5909	0	0
1	SCC	1543	6166	608	0	0
1	SCE	-1822	17788	919	0	0
1	SDF	188853	534599	28440	0	0
1	SEA	920112	2885680	136838	0	0
1	SFO	1236826	3763763	163333	0	0
1	SGF	85253	181689	8568	0	0
1	SGU	1558	40902	2763	0	0
1	SHV	47759	182347	9139	0	0
1	SIT	5908	24626	1665	0	0
1	SJC	324339	1539911	83191	0	0
1	SJT	511	46073	2376	0	0
1	SJU	162144	708954	30077	0	0
1	SLC	694293	3648888	155617	0	0
1	SLE	-778	2830	137	0	0
1	SMF	312457	970149	62805	0	0
1	SMX	-258	28430	1664	0	0
1	SNA	285805	1258269	62210	0	0
1	SOP	1568	1339	57	0	0
1	SPI	16098	16276	703	0	0
1	SPS	3099	58494	2503	0	0
1	SRQ	47437	153947	7313	0	0
1	STL	661709	2801991	129057	0	0
1	STT	11068	75034	3517	0	0
1	STX	5424	14631	634	0	0
1	SUN	-1376	33706	2516	0	0
1	SUX	133	4196	225	0	0
1	SWF	30477	76198	3182	0	0
1	SYR	131024	377459	15989	0	0
1	TEX	926	2169	92	0	0
1	TLH	36549	95962	4698	0	0
1	TOL	19698	79633	3825	0	0
1	TPA	507446	1773835	92460	0	0
1	TRI	16301	49726	2393	0	0
1	TTN	1731	3106	128	0	0
1	TUL	154740	530082	28951	0	0
1	TUP	2588	5016	274	0	0
1	TUS	111977	497170	27347	0	0
1	TVC	44866	80197	3601	0	0
1	TWF	4437	25095	1743	0	0
1	TXK	2762	32383	1666	0	0
1	TYR	6234	63175	2955	0	0
1	TYS	84088	311768	13384	0	0
1	VCT	695	5744	361	0	0
1	VIS	-758	2905	283	0	0
1	VLD	12623	17936	1021	0	0
1	VPS	59839	130644	6061	0	0
1	WRG	4398	9006	879	0	0
1	WYS	-765	2749	210	0	0
1	XNA	141903	311853	13277	0	0
1	YAK	3492	8708	894	0	0
1	YKM	1594	2134	111	0	0
1	YUM	10204	37619	2097	0	0
