2	ABE	19331	145148	6325	0	0
2	ABI	8298	59926	3145	0	0
2	ABQ	118413	794351	48940	0	0
2	ABY	7399	19899	1109	0	0
2	ACK	6414	5670	195	0	0
2	ACT	-531	60917	2952	0	0
2	ACV	27036	43266	3359	0	0
2	ACY	-92	14038	517	0	0
2	ADK	95	212	20	0	0
2	ADQ	5124	9995	839	0	0
2	AEX	17735	58523	2343	0	0
2	AGS	22746	57096	2655	0	0
2	AKN	3785	3982	440	0	0
2	ALB	94919	402554	20010	0	0
2	ALO	217	2440	86	0	0
2	AMA	34128	140207	9443	0	0
2	ANC	119940	454146	25462	0	0
2	APF	2536	8546	393	0	0
2	ASE	14627	33594	1739	0	0
2	ATL	3897295	14482962	450401	0	0
2	ATW	24596	75490	3155	0	0
2	AUS	204772	1049851	57262	0	0
2	AVL	31430	82273	3805	0	0
2	AVP	21552	57941	2571	0	0
2	AZO	15742	90545	4385	0	0
2	BDL	138899	903828	43222	0	0
2	BET	9087	14853	1403	0	0
2	BFL	5520	65211	3839	0	0
2	BGM	1231	24267	1012	0	0
2	BGR	38535	90402	4528	0	0
2	BHM	109786	482321	26859	0	0
2	BIL	2820	94977	5382	0	0
2	BIS	-108	47370	2705	0	0
2	BJI	96	537	27	0	0
2	BLI	-372	2903	151	0	0
2	BMI	28529	69439	3204	0	0
2	BNA	258739	1309548	75217	0	0
2	BOI	61522	301016	19533	0	0
2	BOS	867380	4101847	158257	0	0
2	BPT	2274	22041	1166	0	0
2	BQK	4929	18064	940	0	0
2	BQN	1461	17739	849	0	0
2	BRO	9087	33394	1482	0	0
2	BRW	8088	7588	907	0	0
2	BTM	-1213	14060	887	0	0
2	BTR	89760	201200	9703	0	0
2	BTV	71225	176581	7601	0	0
2	BUF	189371	628277	30074	0	0
2	BUR	108786	596972	37729	0	0
2	BWI	533200	2372493	131015	0	0
2	BZN	8569	92410	4692	0	0
2	CAE	90225	243223	10659	0	0
2	CAK	55104	170581	7513	0	0
2	CDC	160	7735	570	0	0
2	CDV	8249	9895	908	0	0
2	CEC	12156	12076	913	0	0
2	CHA	23307	82347	4411	0	0
2	CHO	-394	25631	1628	0	0
2	CHS	67807	298822	13768	0	0
2	CIC	8795	16045	1046	0	0
2	CID	47935	187011	9188	0	0
2	CKB	12	12	1	0	0
2	CLD	3412	29027	2114	0	0
2	CLE	462304	2236883	93680	0	0
2	CLL	3297	57277	2853	0	0
2	CLT	921669	3717714	152474	0	0
2	CMH	246770	961394	47597	0	0
2	CMI	23790	60762	2968	0	0
2	CMX	329	2194	86	0	0
2	COD	-3442	14685	926	0	0
2	COS	51937	396238	16951	0	0
2	CPR	5942	43482	2694	0	0
2	CRP	55642	150967	8646	0	0
2	CRW	18881	82042	4022	0	0
2	CSG	6935	24442	1390	0	0
2	CVG	741406	3741609	144496	0	0
2	CWA	9402	17971	809	0	0
2	DAB	36958	83499	3577	0	0
2	DAL	368273	818791	64826	0	0
2	DAY	96954	393254	16932	0	0
2	DBQ	8017	27316	1423	0	0
2	DCA	336144	2685706	114618	0	0
2	DEN	1489629	4748528	224614	0	0
2	DFW	2749082	9351642	381550	0	0
2	DHN	13496	28854	1484	0	0
2	DLG	3021	3511	377	0	0
2	DLH	5262	40215	2080	0	0
2	DRO	3165	39319	2063	0	0
2	DSM	94667	320486	14726	0	0
2	DTW	1613065	5052609	192293	0	0
2	DUT	3675	2508	272	0	0
2	EAU	4	296	12	0	0
2	EFD	930	6564	367	0	0
2	EGE	18729	56173	2027	0	0
2	EKO	-3340	23650	1878	0	0
2	ELM	687	14558	730	0	0
2	ELP	64631	452231	28615	0	0
2	ERI	264	26805	1224	0	0
2	EUG	22405	82023	5491	0	0
2	EVV	27380	104513	4896	0	0
2	EWN	2013	3755	184	0	0
2	EWR	1650870	6168701	180658	0	0
2	EYW	10710	25432	1302	0	0
2	FAI	27736	99695	6646	0	0
2	FAR	17623	97247	4765	0	0
2	FAT	40273	222806	13296	0	0
2	FAY	17379	33812	1803	0	0
2	FCA	-2436	54230	3062	0	0
2	FLG	3960	15326	739	0	0
2	FLL	455291	1767683	76979	0	0
2	FLO	3150	12452	684	0	0
2	FMN	299	19	2	0	0
2	FNT	32252	143412	6159	0	0
2	FSD	26107	119229	5778	0	0
2	FSM	5617	54635	2719	0	0
2	FWA	44884	129060	5849	0	0
2	GCC	1339	3045	150	0	0
2	GEG	38325	289216	18239	0	0
2	GFK	-955	21381	1284	0	0
2	GGG	-1075	28401	1366	0	0
2	GJT	8224	60484	3725	0	0
2	GNV	14410	36364	1802	0	0
2	GPT	46127	124447	5940	0	0
2	GRB	40914	156186	7542	0	0
2	GRK	22313	62834	3078	0	0
2	GRR	99876	394488	17497	0	0
2	GSO	115560	459276	19189	0	0
2	GSP	63451	305690	13472	0	0
2	GST	403	1403	111	0	0
2	GTF	-9624	56561	3626	0	0
2	GTR	9386	23840	1032	0	0
2	GUC	420	12986	620	0	0
2	HDN	8308	37627	1551	0	0
2	HHH	1945	4746	228	0	0
2	HKY	1082	1605	87	0	0
2	HLN	-3831	33876	1957	0	0
2	HNL	-16054	862577	46396	0	0
2	HOU	428829	985519	75513	0	0
2	HPN	73752	270529	10400	0	0
2	HRL	32048	81665	6590	0	0
2	HSV	51327	231378	10463	0	0
2	HTS	-674	10908	628	0	0
2	HVN	762	4992	234	0	0
2	IAD	766543	2798134	110402	0	0
2	IAH	1395835	6001897	222050	0	0
2	ICT	74985	292086	13099	0	0
2	IDA	1461	43378	2613	0	0
2	ILE	-1199	39693	1887	0	0
2	ILG	1613	2613	111	0	0
2	ILM	14528	75460	3878	0	0
2	IND	233931	1124127	50905	0	0
2	INL	153	758	35	0	0
2	IPL	2190	11989	852	0	0
2	ISO	1918	4150	201	0	0
2	ISP	9040	205858	14509	0	0
2	ITH	253	6095	357	0	0
2	ITO	-10599	60039	5092	0	0
2	IYK	-3435	16492	884	0	0
2	JAC	16567	67070	3240	0	0
2	JAN	60753	250983	13588	0	0
2	JAX	175309	730264	37414	0	0
2	JFK	739780	3843030	108414	0	0
2	JNU	53613	92694	5543	0	0
2	KOA	-10961	127491	9484	0	0
2	KTN	17595	47912	3073	0	0
2	LAN	20989	108573	5161	0	0
2	LAS	748829	4070469	198160	0	0
2	LAW	474	54084	2520	0	0
2	LAX	787031	5782335	282556	0	0
2	LBB	40668	160838	11011	0	0
2	LCH	9600	27883	1158	0	0
2	LEX	50930	203035	9160	0	0
2	LFT	28525	101419	4284	0	0
2	LGA	967750	5067619	150941	0	0
2	LGB	3779	255291	12098	0	0
2	LIH	-21541	103279	9643	0	0
2	LIT	106206	382947	20863	0	0
2	LMT	1408	1367	73	0	0
2	LNK	21427	58659	2856	0	0
2	LNY	-244	4565	37	0	0
2	LRD	14953	50773	2581	0	0
2	LSE	9761	42202	2133	0	0
2	LWB	1259	2938	153	0	0
2	LWS	-633	6472	372	0	0
2	LYH	2455	13336	770	0	0
2	MAF	41435	138385	9873	0	0
2	MAZ	92	402	21	0	0
2	MBS	15888	91986	4221	0	0
2	MCI	261686	1421173	77718	0	0
2	MCN	8807	20452	995	0	0
2	MCO	628601	2766863	135032	0	0
2	MDT	54174	215874	9906	0	0
2	MDW	610927	1918500	104533	0	0
2	MEI	8982	22500	870	0	0
2	MEM	470261	1729158	73631	0	0
2	MFE	23580	91010	4628	0	0
2	MFR	31797	73563	5158	0	0
2	MGM	29283	70521	3237	0	0
2	MHT	107614	482621	24844	0	0
2	MIA	644475	2069982	80917	0	0
2	MIB	-149	182	14	0	0
2	MKE	183443	676607	29765	0	0
2	MKG	-140	810	64	0	0
2	MKK	-414	274	37	0	0
2	MLB	17831	58300	2692	0	0
2	MLI	45706	126769	5729	0	0
2	MLU	15519	60176	2958	0	0
2	MOB	36797	124600	5871	0	0
2	MOD	15198	27271	1703	0	0
2	MOT	-208	22649	1388	0	0
2	MQT	4762	14744	855	0	0
2	MRY	19905	113121	6954	0	0
2	MSN	76491	268538	11859	0	0
2	MSO	1197	71710	4068	0	0
2	MSP	1203889	4748740	182774	0	0
2	MSY	244135	977338	57511	0	0
2	MTH	-10	430	15	0	0
2	MTJ	4216	37521	2098	0	0
2	MYR	28963	122936	6215	0	0
2	OAJ	2758	7178	332	0	0
2	OAK	171281	1346025	87164	0	0
2	OGG	-7253	240764	17413	0	0
2	OKC	124919	526601	29204	0	0
2	OMA	144218	557853	28165	0	0
2	OME	11358	13107	1304	0	0
2	ONT	130754	739070	47287	0	0
2	ORD	4569221	11076010	442454	0	0
2	ORF	140835	512412	25271	0	0
2	ORH	47	2952	149	0	0
2	OTH	1598	1340	73	0	0
2	OTZ	10393	12098	1238	0	0
2	OXR	-3230	23792	1393	0	0
2	PBI	189043	675915	33035	0	0
2	PDX	191478	1247903	72325	0	0
2	PFN	23294	48878	2552	0	0
2	PHF	38979	102773	4847	0	0
2	PHL	1195503	4329608	144778	0	0
2	PHX	1158338	4968676	241847	0	0
2	PIA	34312	96852	4324	0	0
2	PIE	1814	14832	726	0	0
2	PIH	-3148	22503	1567	0	0
2	PIT	459949	1989751	87314	0	0
2	PLN	1190	2646	103	0	0
2	PMD	2104	2952	160	0	0
2	PNS	60444	191524	9726	0	0
2	PSC	-2118	48939	3047	0	0
2	PSE	-1502	7943	366	0	0
2	PSG	9946	8904	868	0	0
2	PSP	44660	226196	12783	0	0
2	PUB	70	23	1	0	0
2	PVD	111287	665490	35315	0	0
2	PWM	79128	227891	10435	0	0
2	RAP	3646	73827	4255	0	0
2	RDD	12539	23880	1663	0	0
2	RDM	9196	38994	2755	0	0
2	RDR	87	82	7	0	0
2	RDU	363372	1454824	69827	0	0
2	RFD	187	5492	233	0	0
2	RHI	545	1093	59	0	0
2	RIC	132712	507640	23089	0	0
2	RKS	809	2700	135	0	0
2	RNO	97159	543739	35041	0	0
2	ROA	24078	82274	3913	0	0
2	ROC	149706	456261	19922	0	0
2	ROW	1945	2780	171	0	0
2	RST	14346	67846	3359	0	0
2	RSW	146687	566018	26841	0	0
2	SAN	321326	2144550	109604	0	0
2	SAT	216436	919975	52541	0	0
2	SAV	76989	289531	13107	0	0
2	SBA	31626	200811	12538	0	0
2	SBN	25216	80191	3703	0	0
2	SBP	15710	102225	5826	0	0
2	SCC	3617	6468	649	0	0
2	SCE	-2584	18179	906	0	0
2	SDF	166471	536215	28007	0	0
2	SEA	759653	2861179	135583	0	0
2	SFO	888054	3718290	161771	0	0
2	SGF	71442	179358	8518	0	0
2	SGU	-26	40071	2777	0	0
2	SHV	37324	178999	9104	0	0
2	SIT	8879	24790	1661	0	0
2	SJC	140607	1540304	82624	0	0
2	SJT	1206	45190	2332	0	0
2	SJU	112768	688143	29235	0	0
2	SLC	448349	3548833	151687	0	0
2	SLE	-979	2565	114	0	0
2	SMF	202210	961798	62559	0	0
2	SMX	-2037	28297	1668	0	0
2	SNA	114066	1241723	61808	0	0
2	SOP	588	228	8	0	0
2	SPI	13531	16426	699	0	0
2	SPS	5994	56445	2389	0	0
2	SRQ	33555	149683	7168	0	0
2	STL	481676	2805816	128363	0	0
2	STT	10196	75257	3545	0	0
2	STX	2162	15314	678	0	0
2	SUN	-4203	31406	2419	0	0
2	SUX	-105	4333	231	0	0
2	SWF	16739	79531	3147	0	0
2	SYR	96183	368446	15860	0	0
2	TEX	401	1766	83	0	0
2	TLH	25430	95159	4600	0	0
2	TOL	11454	73650	3832	0	0
2	TPA	394023	1731688	90828	0	0
2	TRI	10711	49874	2370	0	0
2	TTN	183	3038	131	0	0
2	TUL	122630	522086	28661	0	0
2	TUP	1618	4813	258	0	0
2	TUS	76060	488193	26907	0	0
2	TVC	32128	76808	3557	0	0
2	TWF	2114	24940	1749	0	0
2	TXK	1826	31375	1616	0	0
2	TYR	1372	61748	2954	0	0
2	TYS	52256	295183	13081	0	0
2	VCT	-79	5265	345	0	0
2	VIS	-1069	2894	284	0	0
2	VLD	8161	18780	1011	0	0
2	VPS	48810	130721	6054	0	0
2	WRG	6727	9353	882	0	0
2	WYS	-1353	2604	207	0	0
2	XNA	116322	305314	13186	0	0
2	YAK	5183	9029	893	0	0
2	YKM	680	1781	99	0	0
2	YUM	10922	35980	2068	0	0
