7	ABE	28275	134757	5530	0	0
7	ABI	7182	57752	3039	0	0
7	ABQ	191211	768229	47082	0	0
7	ABY	11529	21540	1120	0	0
7	ACK	7097	6859	255	0	0
7	ACT	966	61628	2908	0	0
7	ACV	35750	40503	2987	0	0
7	ACY	3135	13493	588	0	0
7	ADK	3252	2671	258	0	0
7	ADQ	8096	8420	840	0	0
7	AEX	19063	52304	2329	0	0
7	AGS	27632	59822	2656	0	0
7	AKN	8325	5511	598	0	0
7	ALB	91498	373734	18984	0	0
7	ALO	1	607	25	0	0
7	AMA	58795	137511	9050	0	0
7	ANC	152300	451679	25105	0	0
7	APF	4543	8907	388	0	0
7	ASE	31671	42130	2008	0	0
7	ATL	4999577	14720953	448982	0	0
7	ATW	24634	64636	2769	0	0
7	AUS	253403	982137	52730	0	0
7	AVL	35956	84151	3866	0	0
7	AVP	18673	62569	2476	0	0
7	AZO	17642	84325	4121	0	0
7	BDL	181755	860508	41440	0	0
7	BET	10846	10482	1015	0	0
7	BFF	93	6	1	0	0
7	BFL	10098	66169	3774	0	0
7	BGM	1511	21877	1006	0	0
7	BGR	19380	86818	4494	0	0
7	BHM	134181	451656	25333	0	0
7	BIL	7157	93858	5410	0	0
7	BIS	6371	41797	2448	0	0
7	BJI	285	605	28	0	0
7	BLI	-813	2980	158	0	0
7	BMI	36477	72414	3245	0	0
7	BNA	369721	1232533	70115	0	0
7	BOI	82333	287152	18538	0	0
7	BOS	923411	3645009	142680	0	0
7	BPT	-159	21422	1142	0	0
7	BQK	9633	17791	971	0	0
7	BQN	-594	18944	938	0	0
7	BRO	3933	32681	1469	0	0
7	BRW	7184	7333	913	0	0
7	BTM	536	13853	881	0	0
7	BTR	92466	203404	9696	0	0
7	BTV	62386	173136	7712	0	0
7	BUF	201076	586802	28630	0	0
7	BUR	295613	552456	34833	0	0
7	BWI	833237	2258272	124381	0	0
7	BZN	20957	102490	5016	0	0
7	CAE	89332	233682	10313	0	0
7	CAK	57442	171792	7467	0	0
7	CDC	1461	6171	477	0	0
7	CDV	6666	9869	910	0	0
7	CEC	11595	12075	772	0	0
7	CHA	30112	85905	4138	0	0
7	CHO	4730	30932	1663	0	0
7	CHS	81312	298269	13636	0	0
7	CIC	11547	15233	1003	0	0
7	CID	55245	176502	8426	0	0
7	CKB	24	11	1	0	0
7	CLD	7017	25431	1810	0	0
7	CLE	407334	1908347	83748	0	0
7	CLL	4203	56280	2763	0	0
7	CLT	942515	3407705	146439	0	0
7	CMH	266216	901970	44300	0	0
7	CMI	20224	59990	2864	0	0
7	CMX	393	1485	65	0	0
7	COD	-745	15548	934	0	0
7	COS	104851	408891	17087	0	0
7	CPR	12520	42638	2583	0	0
7	CRP	47527	147909	8113	0	0
7	CRW	24709	85911	3915	0	0
7	CSG	10564	27371	1412	0	0
7	CVG	844309	3614860	141270	0	0
7	CWA	9838	17380	795	0	0
7	DAB	37134	87594	3780	0	0
7	DAL	506416	690711	55403	0	0
7	DAY	90862	366610	15986	0	0
7	DBQ	7704	27050	1366	0	0
7	DCA	489146	2338388	101212	0	0
7	DEN	2052226	4791280	221591	0	0
7	DFW	3078583	9102884	375510	0	0
7	DHN	13905	28752	1462	0	0
7	DLG	3153	1983	215	0	0
7	DLH	7288	32814	1655	0	0
7	DRO	10392	40594	2147	0	0
7	DSM	90396	294902	13722	0	0
7	DTW	1705554	4642239	178945	0	0
7	DUT	2337	2590	289	0	0
7	EFD	652	5575	313	0	0
7	EGE	40186	77864	2525	0	0
7	EKO	899	22797	1767	0	0
7	ELM	1323	13008	638	0	0
7	ELP	126920	430846	26597	0	0
7	ERI	1048	25392	1183	0	0
7	EUG	36092	81952	5366	0	0
7	EVV	30074	94102	4355	0	0
7	EWN	4235	4334	203	0	0
7	EWR	1436899	5218291	163463	0	0
7	EYW	16520	29363	1381	0	0
7	FAI	25438	93718	6330	0	0
7	FAR	18582	86747	4284	0	0
7	FAT	55358	219622	13062	0	0
7	FAY	20791	38163	1712	0	0
7	FCA	3693	55536	3124	0	0
7	FLG	1785	15185	758	0	0
7	FLL	671016	1918562	78031	0	0
7	FLO	5858	13439	717	0	0
7	FNT	38312	133928	6030	0	0
7	FSD	29782	112393	5412	0	0
7	FSM	5657	53832	2694	0	0
7	FWA	36442	124725	5620	0	0
7	GCC	2710	3011	147	0	0
7	GEG	71285	270141	16907	0	0
7	GFK	6232	15100	873	0	0
7	GGG	-1620	28383	1367	0	0
7	GJT	19718	62154	3695	0	0
7	GNV	21133	33949	1729	0	0
7	GPT	51890	137204	6249	0	0
7	GRB	38484	145376	6767	0	0
7	GRK	22047	62140	3037	0	0
7	GRR	92092	368550	16508	0	0
7	GSO	102518	417841	17502	0	0
7	GSP	54539	291209	12711	0	0
7	GST	679	1452	111	0	0
7	GTF	-5560	57723	3620	0	0
7	GTR	9871	22014	1017	0	0
7	GUC	4365	16705	742	0	0
7	HDN	26170	50131	1861	0	0
7	HHH	6113	6137	260	0	0
7	HKY	206	1539	94	0	0
7	HLN	-394	36764	1931	0	0
7	HNL	77353	889464	47628	0	0
7	HOU	562774	883453	67204	0	0
7	HPN	66564	196953	7819	0	0
7	HRL	38078	78798	6302	0	0
7	HSV	51710	221926	9781	0	0
7	HTS	-255	8802	558	0	0
7	HVN	1099	3347	230	0	0
7	IAD	787175	2596899	106684	0	0
7	IAH	1295318	5706164	220327	0	0
7	ICT	88434	283864	12430	0	0
7	IDA	3922	44175	2677	0	0
7	ILE	-256	40342	1901	0	0
7	ILG	1579	1944	76	0	0
7	ILM	21460	75926	3752	0	0
7	IND	240618	1050221	48395	0	0
7	INL	31	807	39	0	0
7	IPL	3636	9536	686	0	0
7	ISO	1615	3791	189	0	0
7	ISP	31242	204140	13681	0	0
7	ITH	1032	5946	352	0	0
7	ITO	5086	55288	4741	0	0
7	IYK	-817	13987	760	0	0
7	JAC	35579	86818	3847	0	0
7	JAN	61768	236369	13037	0	0
7	JAX	223208	716040	36199	0	0
7	JFK	1344077	4008749	108722	0	0
7	JNU	56845	93762	5617	0	0
7	KOA	28111	133265	9713	0	0
7	KTN	19811	46977	3055	0	0
7	LAN	20769	94367	4624	0	0
7	LAS	2148072	4689704	202533	0	0
7	LAW	-929	56288	2550	0	0
7	LAX	1883042	5838919	278422	0	0
7	LBB	65257	156990	10570	0	0
7	LCH	6928	25181	1073	0	0
7	LEX	59129	201401	8582	0	0
7	LFT	28657	97582	4142	0	0
7	LGA	399294	3912800	131314	0	0
7	LGB	40076	254306	11925	0	0
7	LIH	1271	109716	10191	0	0
7	LIT	118632	361168	19505	0	0
7	LMT	1177	949	63	0	0
7	LNK	28604	58014	2812	0	0
7	LNY	-189	332	39	0	0
7	LRD	13005	49683	2414	0	0
7	LSE	13992	37364	1815	0	0
7	LWB	2103	4067	214	0	0
7	LWS	809	7151	401	0	0
7	LYH	2892	14608	812	0	0
7	MAF	55682	130055	8946	0	0
7	MAZ	68	377	19	0	0
7	MBS	22890	78271	3614	0	0
7	MCI	331982	1332496	72323	0	0
7	MCN	13193	24149	1123	0	0
7	MCO	885319	2919548	139987	0	0
7	MDT	45811	197772	9385	0	0
7	MDW	660246	1688386	95288	0	0
7	MEI	8932	18595	857	0	0
7	MEM	512455	1690910	72063	0	0
7	MFE	23089	92200	4632	0	0
7	MFR	44153	72092	4945	0	0
7	MGM	32802	70597	3170	0	0
7	MHT	89076	440458	23392	0	0
7	MIA	833039	2205235	85376	0	0
7	MIB	-278	135	12	0	0
7	MKE	168383	619592	27442	0	0
7	MKG	168	570	45	0	0
7	MKK	-190	340	39	0	0
7	MLB	20000	58965	2593	0	0
7	MLI	48575	123993	5493	0	0
7	MLU	18385	57120	2910	0	0
7	MOB	38548	124872	5926	0	0
7	MOD	17920	23512	1467	0	0
7	MOT	3339	23060	1368	0	0
7	MQT	3043	14209	811	0	0
7	MRY	48884	121953	7212	0	0
7	MSN	77701	242094	10879	0	0
7	MSO	7739	72504	4108	0	0
7	MSP	1158293	4478127	175503	0	0
7	MSY	315294	968229	56112	0	0
7	MTH	327	383	16	0	0
7	MTJ	12053	43069	2256	0	0
7	MYR	38422	147522	7469	0	0
7	OAJ	4046	7993	353	0	0
7	OAK	603793	1261991	82209	0	0
7	OGD	77	14	1	0	0
7	OGG	45061	253979	18280	0	0
7	OKC	141881	499483	27392	0	0
7	OMA	142361	531399	26889	0	0
7	OME	9880	12645	1333	0	0
7	ONT	277715	679285	44027	0	0
7	ORD	5160301	10755297	424278	0	0
7	ORF	154557	488609	24205	0	0
7	ORH	279	3283	156	0	0
7	OTH	2028	1227	67	0	0
7	OTZ	10681	11482	1217	0	0
7	OXR	71	20754	1233	0	0
7	PBI	231432	734979	33369	0	0
7	PDX	309752	1184308	69628	0	0
7	PFN	29593	55262	2833	0	0
7	PHF	40644	105397	4843	0	0
7	PHL	1216843	3804313	135716	0	0
7	PHX	1523605	4777016	235837	0	0
7	PIA	33980	100748	4269	0	0
7	PIE	620	15441	756	0	0
7	PIH	-1489	22694	1536	0	0
7	PIR	0	38	2	0	0
7	PIT	531511	1861618	84142	0	0
7	PLN	510	2885	111	0	0
7	PMD	2544	2102	105	0	0
7	PNS	59365	190194	9583	0	0
7	PSC	6133	48239	2961	0	0
7	PSE	-414	7522	348	0	0
7	PSG	10054	8929	868	0	0
7	PSP	96564	244749	13282	0	0
7	PUB	101	13	1	0	0
7	PVD	122674	627643	33724	0	0
7	PVU	0	17	1	0	0
7	PWM	77121	224384	10434	0	0
7	RAP	16322	76226	4197	0	0
7	RDD	18729	23588	1635	0	0
7	RDM	14694	37946	2631	0	0
7	RDR	54	114	6	0	0
7	RDU	394692	1321146	63521	0	0
7	RFD	686	3525	152	0	0
7	RHI	424	808	47	0	0
7	RIC	143451	478523	21349	0	0
7	RKS	1128	2581	134	0	0
7	RNO	281206	558626	34451	0	0
7	ROA	31262	80644	3734	0	0
7	ROC	145318	416284	18382	0	0
7	ROW	1087	3001	175	0	0
7	RST	17714	59515	2860	0	0
7	RSW	150454	611519	27789	0	0
7	SAN	611517	2067168	107976	0	0
7	SAT	239135	886511	50211	0	0
7	SAV	95277	308326	13405	0	0
7	SBA	70256	200502	12077	0	0
7	SBN	35826	79694	3787	0	0
7	SBP	32266	106931	6017	0	0
7	SCC	1787	5109	524	0	0
7	SCE	236	17443	902	0	0
7	SDF	167759	496450	26126	0	0
7	SEA	963615	2784660	132151	0	0
7	SFO	1380299	3707302	159117	0	0
7	SGF	61153	180356	8333	0	0
7	SGU	6919	38773	2620	0	0
7	SHV	43741	181465	8851	0	0
7	SIT	7012	24852	1673	0	0
7	SJC	430724	1400647	76752	0	0
7	SJT	-1035	44958	2306	0	0
7	SJU	262021	867608	35294	0	0
7	SLC	756748	3572758	152596	0	0
7	SLE	-909	2576	130	0	0
7	SMF	418019	923358	58800	0	0
7	SMX	2896	27921	1587	0	0
7	SNA	362534	1076195	54080	0	0
7	SOP	1602	1270	55	0	0
7	SPI	9414	13122	606	0	0
7	SPS	-1434	57135	2528	0	0
7	SRQ	39863	156621	7453	0	0
7	STL	513232	2550569	119921	0	0
7	STT	21278	97734	4325	0	0
7	STX	2117	15554	665	0	0
7	SUN	3218	33740	2471	0	0
7	SUX	1101	2896	161	0	0
7	SWF	20562	73144	3148	0	0
7	SYR	90849	346030	15052	0	0
7	TEX	1409	1947	81	0	0
7	TLH	29287	92523	4475	0	0
7	TOL	12647	77646	3747	0	0
7	TPA	439588	1750266	90690	0	0
7	TRI	16251	44064	2324	0	0
7	TTN	338	2157	91	0	0
7	TUL	127694	489916	26388	0	0
7	TUP	1208	4907	255	0	0
7	TUS	109066	488506	26982	0	0
7	TVC	38281	82115	3840	0	0
7	TWF	6497	25151	1781	0	0
7	TXK	467	28909	1491	0	0
7	TYR	586	59863	2827	0	0
7	TYS	62180	287310	12643	0	0
7	VCT	-392	5238	337	0	0
7	VIS	-330	2603	251	0	0
7	VLD	8574	20913	1028	0	0
7	VPS	45742	132770	6184	0	0
7	WRG	6665	8996	876	0	0
7	WYS	-218	3653	268	0	0
7	XNA	96175	247294	10423	0	0
7	YAK	5255	8978	892	0	0
7	YKM	1539	1994	103	0	0
7	YUM	8921	35663	1997	0	0
