4	ABE	33852	147766	6567	0	0
4	ABI	6162	58690	3118	0	0
4	ABQ	276214	817371	49354	0	0
4	ABY	13242	24424	1151	0	0
4	ACK	7332	5965	198	0	0
4	ACT	-590	62292	3033	0	0
4	ACV	29546	43634	3368	0	0
4	ACY	3669	11977	543	0	0
4	ADK	4113	2434	241	0	0
4	ADQ	7444	8272	803	0	0
4	AEX	26918	57909	2528	0	0
4	AGS	36066	63748	2749	0	0
4	AKN	7917	5382	592	0	0
4	ALB	147783	412568	20153	0	0
4	ALO	222	2223	84	0	0
4	AMA	58683	144352	9589	0	0
4	ANC	202522	466858	25384	0	0
4	APF	3128	9196	409	0	0
4	ASE	19649	35175	1757	0	0
4	ATL	6141351	15526570	454986	0	0
4	ATW	28227	74252	3204	0	0
4	AUS	391323	1093719	57764	0	0
4	AVL	42234	92644	3935	0	0
4	AVP	25112	61131	2657	0	0
4	AZO	34686	94289	4424	0	0
4	BDL	297356	954907	44005	0	0
4	BET	15790	14210	1345	0	0
4	BFL	16386	68129	3939	0	0
4	BGM	885	18782	1006	0	0
4	BGR	32455	96717	4498	0	0
4	BHM	216184	499921	27037	0	0
4	BIL	9559	97272	5416	0	0
4	BIS	4108	47146	2690	0	0
4	BJI	234	570	28	0	0
4	BLI	-1141	2863	159	0	0
4	BMI	43495	73660	3215	0	0
4	BNA	535010	1340806	75304	0	0
4	BOI	108022	305843	19593	0	0
4	BOS	1490687	4324535	159880	0	0
4	BPT	2488	23209	1251	0	0
4	BQK	11919	18806	998	0	0
4	BQN	1614	16939	831	0	0
4	BRO	10545	36368	1654	0	0
4	BRW	11994	7746	902	0	0
4	BTM	-674	13911	909	0	0
4	BTR	116155	209736	9934	0	0
4	BTV	84461	183146	7756	0	0
4	BUF	273378	638544	30243	0	0
4	BUR	287389	623497	37718	0	0
4	BWI	1153367	2463822	131340	0	0
4	BZN	10731	94496	4764	0	0
4	CAE	129526	259646	10823	0	0
4	CAK	76193	170676	7636	0	0
4	CDC	2126	7633	568	0	0
4	CDV	8573	9511	882	0	0
4	CEC	12189	12478	913	0	0
4	CHA	37848	87315	4507	0	0
4	CHO	4647	30133	1707	0	0
4	CHS	113392	315530	13917	0	0
4	CIC	9067	15549	1047	0	0
4	CID	75669	188073	9214	0	0
4	CKB	-20	1440	1	0	0
4	CLD	4742	29941	2123	0	0
4	CLE	744063	2410935	100788	0	0
4	CLL	3753	57804	2904	0	0
4	CLT	1461932	3833102	152919	0	0
4	CMH	398600	980042	47920	0	0
4	CMI	30477	63053	2937	0	0
4	CMX	940	2147	85	0	0
4	COD	-1805	15332	933	0	0
4	COS	116420	410834	17219	0	0
4	CPR	11798	44128	2664	0	0
4	CRP	69091	156553	8830	0	0
4	CRW	28374	82952	4134	0	0
4	CSG	12096	28306	1430	0	0
4	CVG	1170928	4027728	150001	0	0
4	CWA	10393	16875	782	0	0
4	DAB	48751	86866	3585	0	0
4	DAL	707227	852410	65059	0	0
4	DAY	128284	396662	17137	0	0
4	DBQ	12707	27954	1423	0	0
4	DCA	767277	2753222	113932	0	0
4	DEN	2341290	4897612	223996	0	0
4	DFW	3645233	9516967	382353	0	0
4	DHN	15286	28329	1499	0	0
4	DLG	4105	2733	275	0	0
4	DLH	9141	40935	2046	0	0
4	DRO	6333	38598	2054	0	0
4	DSM	127284	321962	14886	0	0
4	DTW	2134161	5064290	191877	0	0
4	DUT	5117	2756	309	0	0
4	EAU	62	239	10	0	0
4	EFD	701	7413	411	0	0
4	EGE	21616	59305	2119	0	0
4	EKO	3300	24441	1883	0	0
4	ELM	1092	14656	719	0	0
4	ELP	171678	471397	28671	0	0
4	ERI	263	24440	1231	0	0
4	EUG	37064	83455	5580	0	0
4	EVV	41334	105899	4871	0	0
4	EWN	3477	4191	201	0	0
4	EWR	2689910	6708772	183705	0	0
4	EYW	12891	26483	1366	0	0
4	FAI	41964	100000	6563	0	0
4	FAR	27210	98441	4767	0	0
4	FAT	58535	229137	13456	0	0
4	FAY	22039	36235	1833	0	0
4	FCA	1967	55352	3133	0	0
4	FLG	4153	15754	764	0	0
4	FLL	757315	1893758	78503	0	0
4	FLO	7946	15724	750	0	0
4	FMN	193	20	1	0	0
4	FNT	46113	141424	6286	0	0
4	FSD	44735	124285	5820	0	0
4	FSM	7594	54967	2731	0	0
4	FWA	53585	130245	5869	0	0
4	GCC	2298	3164	143	0	0
4	GEG	84713	294940	18245	0	0
4	GFK	2971	21169	1270	0	0
4	GGG	2182	28153	1356	0	0
4	GJT	22483	62064	3700	0	0
4	GLH	8	23	1	0	0
4	GNV	23164	42597	1874	0	0
4	GPT	64776	130478	6087	0	0
4	GRB	49926	156270	7478	0	0
4	GRK	16321	63502	3139	0	0
4	GRR	141625	407564	17913	0	0
4	GSO	176311	480040	19343	0	0
4	GSP	101286	319409	13555	0	0
4	GST	598	1385	110	0	0
4	GTF	-4649	57064	3630	0	0
4	GTR	12084	24979	1058	0	0
4	GUC	7053	13473	615	0	0
4	HDN	17912	40252	1561	0	0
4	HHH	3742	5971	259	0	0
4	HKY	435	1855	88	0	0
4	HLN	-1028	32934	1995	0	0
4	HNL	83130	883002	47005	0	0
4	HOU	850896	1039043	75264	0	0
4	HPN	121321	288922	10602	0	0
4	HRL	58798	83616	6631	0	0
4	HSV	79083	243749	10528	0	0
4	HTS	821	10151	661	0	0
4	HVN	1258	5354	237	0	0
4	IAD	1218097	2919647	110689	0	0
4	IAH	2199021	6435429	236798	0	0
4	ICT	123078	296287	13116	0	0
4	IDA	3749	44623	2706	0	0
4	ILE	-493	41656	1970	0	0
4	ILG	1786	2923	108	0	0
4	ILM	25216	81169	3952	0	0
4	IND	366908	1147853	51499	0	0
4	INL	980	727	38	0	0
4	IPL	3494	12146	854	0	0
4	ISO	2241	4356	201	0	0
4	ISP	51182	212003	14472	0	0
4	ITH	1215	6486	361	0	0
4	ITO	-2573	59469	5090	0	0
4	IYK	-3031	16452	903	0	0
4	JAC	31725	72478	3324	0	0
4	JAN	102232	254411	13704	0	0
4	JAX	293300	747087	37506	0	0
4	JFK	1369142	4093698	109312	0	0
4	JNU	67073	91950	5475	0	0
4	KOA	9644	133373	9718	0	0
4	KTN	26368	47848	3030	0	0
4	LAN	29596	105878	5181	0	0
4	LAS	2015256	4589246	203184	0	0
4	LAW	1791	55170	2531	0	0
4	LAX	1792883	6047020	284891	0	0
4	LBB	81553	165177	11179	0	0
4	LCH	9528	27712	1189	0	0
4	LEX	73629	207621	9333	0	0
4	LFT	41105	103580	4511	0	0
4	LGA	1749416	5332656	151344	0	0
4	LGB	37415	268037	12250	0	0
4	LIH	-10359	104849	9746	0	0
4	LIT	182480	386987	20948	0	0
4	LMT	658	1187	70	0	0
4	LNK	33073	60043	2854	0	0
4	LNY	-253	6045	40	0	0
4	LRD	14267	53617	2671	0	0
4	LSE	15658	42248	2117	0	0
4	LWB	2186	3274	157	0	0
4	LWS	-125	7179	403	0	0
4	LYH	4434	14931	816	0	0
4	MAF	66582	143744	10114	0	0
4	MAZ	119	387	22	0	0
4	MBS	22601	91099	4178	0	0
4	MCI	511971	1435906	78117	0	0
4	MCN	10572	22551	995	0	0
4	MCO	997704	2859110	137533	0	0
4	MDT	76443	222718	9982	0	0
4	MDW	1119606	1990455	104238	0	0
4	MEI	12261	22988	878	0	0
4	MEM	670801	1782277	73890	0	0
4	MFE	29340	95295	4830	0	0
4	MFR	36977	74526	5260	0	0
4	MGM	40865	72479	3215	0	0
4	MHT	194154	493763	24970	0	0
4	MIA	893078	2126064	81908	0	0
4	MIB	-144	174	12	0	0
4	MKC	25	22	1	0	0
4	MKE	266524	699217	30113	0	0
4	MKG	633	825	66	0	0
4	MKK	-397	294	40	0	0
4	MLB	26172	66667	2700	0	0
4	MLI	52833	124134	5742	0	0
4	MLU	27221	63789	3006	0	0
4	MOB	57015	127737	6033	0	0
4	MOD	15347	27161	1726	0	0
4	MOT	2751	23318	1368	0	0
4	MQT	5957	13998	859	0	0
4	MRY	27413	119614	7301	0	0
4	MSN	106007	271004	11969	0	0
4	MSO	6158	72502	4120	0	0
4	MSP	1695856	4826457	182617	0	0
4	MSY	432460	999730	57996	0	0
4	MTH	513	539	16	0	0
4	MTJ	6475	38342	2163	0	0
4	MYR	50636	134221	6297	0	0
4	OAJ	3151	7463	335	0	0
4	OAK	634857	1413022	87418	0	0
4	OGG	9076	249795	17765	0	0
4	OKC	228957	540790	29484	0	0
4	OMA	232384	569121	28339	0	0
4	OME	18168	13138	1271	0	0
4	ONT	294798	762951	47443	0	0
4	ORD	6741506	11518972	440779	0	0
4	ORF	197367	517631	25438	0	0
4	ORH	-26	3412	162	0	0
4	OTH	1504	1267	72	0	0
4	OTZ	15706	11887	1195	0	0
4	OXR	-2947	23692	1405	0	0
4	PBI	283318	709766	33567	0	0
4	PDX	411831	1257478	72171	0	0
4	PFN	32747	62504	2560	0	0
4	PHF	58713	116048	4894	0	0
4	PHL	1957147	4537546	145795	0	0
4	PHX	1941290	5084763	241661	0	0
4	PIA	44536	100228	4314	0	0
4	PIE	2112	16155	762	0	0
4	PIH	-1363	22187	1543	0	0
4	PIR	-3	29	2	0	0
4	PIT	722435	2019326	87949	0	0
4	PLN	402	2917	108	0	0
4	PMD	973	2977	167	0	0
4	PNS	90141	200175	9823	0	0
4	PSC	7816	50301	3106	0	0
4	PSE	200	7602	354	0	0
4	PSG	10694	8854	861	0	0
4	PSP	71752	232277	12908	0	0
4	PVD	210934	686282	35407	0	0
4	PWM	105126	239135	10466	0	0
4	RAP	12652	75682	4267	0	0
4	RDD	14462	24455	1681	0	0
4	RDM	13728	38636	2768	0	0
4	RDR	-62	89	7	0	0
4	RDU	627943	1500138	69878	0	0
4	RFD	401	5302	225	0	0
4	RHI	386	1191	63	0	0
4	RIC	223165	533049	23176	0	0
4	RKS	2072	2533	126	0	0
4	RNO	250409	564020	35150	0	0
4	ROA	40436	86010	3880	0	0
4	ROC	206172	470938	20075	0	0
4	ROW	201	2639	170	0	0
4	RST	27701	68884	3336	0	0
4	RSW	188268	587945	27323	0	0
4	SAN	648105	2179943	110470	0	0
4	SAT	377413	946303	52966	0	0
4	SAV	116508	297328	13264	0	0
4	SBA	48997	210965	12746	0	0
4	SBN	35842	81732	3799	0	0
4	SBP	20968	107139	5935	0	0
4	SCC	6328	6334	617	0	0
4	SCE	-1924	16459	919	0	0
4	SDF	236042	544237	28315	0	0
4	SEA	1205864	2911560	136164	0	0
4	SFO	1459372	3825079	162702	0	0
4	SGF	94618	183863	8516	0	0
4	SGU	8046	40057	2773	0	0
4	SHV	56472	190712	9110	0	0
4	SIT	10872	24699	1648	0	0
4	SJC	506067	1595607	83003	0	0
4	SJT	2918	46533	2382	0	0
4	SJU	188853	717865	29740	0	0
4	SLC	909205	3703871	155126	0	0
4	SLE	-388	2776	134	0	0
4	SMF	446117	981130	62547	0	0
4	SMX	-790	29223	1668	0	0
4	SNA	370690	1286319	61974	0	0
4	SOP	1970	1189	55	0	0
4	SPI	16923	15883	679	0	0
4	SPS	1229	57285	2476	0	0
4	SRQ	42455	150948	7099	0	0
4	STL	991572	2860988	128062	0	0
4	STT	20029	77517	3606	0	0
4	STX	3174	14993	668	0	0
4	SUN	-1459	33523	2504	0	0
4	SUX	1522	4359	231	0	0
4	SWF	28066	75411	3154	0	0
4	SYR	136901	379660	15946	0	0
4	TEX	509	1718	75	0	0
4	TLH	45600	101587	4691	0	0
4	TOL	25368	73965	3817	0	0
4	TPA	660570	1815601	92196	0	0
4	TRI	18880	46777	2366	0	0
4	TTN	997	3172	132	0	0
4	TUL	208109	540977	28861	0	0
4	TUP	2239	5627	287	0	0
4	TUS	145205	503656	27171	0	0
4	TVC	39869	76761	3527	0	0
4	TWF	4970	24552	1697	0	0
4	TXK	1676	31112	1646	0	0
4	TYR	5268	61766	2930	0	0
4	TYS	86297	315969	13367	0	0
4	VCT	1282	5765	368	0	0
4	VIS	-980	2831	282	0	0
4	VLD	11202	19330	1015	0	0
4	VPS	62656	136255	6083	0	0
4	WRG	8047	9094	870	0	0
4	WYS	-1298	2687	213	0	0
4	XNA	147446	311279	13220	0	0
4	YAK	6629	8606	874	0	0
4	YKM	1008	1951	109	0	0
4	YUM	11189	38541	2135	0	0
