4	ABE	April	512	81773	3853	0	0
4	ABI	April	-1589	31040	1756	0	0
4	ABQ	April	50925	442614	27409	0	0
4	ABY	April	2290	12139	663	0	0
4	ACT	April	-2158	34349	1686	0	0
4	ACV	April	3981	22629	1827	0	0
4	ACY	April	-1430	6309	341	0	0
4	ADK	April	282	421	44	0	0
4	ADQ	April	285	4658	504	0	0
4	AEX	April	6906	31537	1417	0	0
4	AGS	April	12084	37288	1762	0	0
4	AKN	April	1685	1198	149	0	0
4	ALB	April	39975	218513	11304	0	0
4	ALO	April	39	830	30	0	0
4	AMA	April	13712	79162	5385	0	0
4	ANC	April	21433	203219	12467	0	0
4	APF	April	1547	6146	281	0	0
4	ASE	April	3573	11803	665	0	0
4	ATL	April	1837079	8271376	260819	0	0
4	ATW	April	9055	36791	1788	0	0
4	AUS	April	122442	568819	31804	0	0
4	AVL	April	6685	43965	2200	0	0
4	AVP	April	6426	38795	1621	0	0
4	AZO	April	6945	51412	2683	0	0
4	BDL	April	62940	510238	25311	0	0
4	BET	April	2342	7969	792	0	0
4	BFL	April	-1175	39674	2378	0	0
4	BGM	April	-2295	12735	695	0	0
4	BGR	April	9111	48695	2508	0	0
4	BHM	April	67677	266317	15161	0	0
4	BIL	April	-767	52293	3030	0	0
4	BIS	April	-3462	23676	1443	0	0
4	BLI	April	-902	1428	83	0	0
4	BMI	April	11133	39329	1845	0	0
4	BNA	April	155120	715243	42157	0	0
4	BOI	April	18968	154560	10742	0	0
4	BOS	April	421058	2249969	91766	0	0
4	BPT	April	-35	13098	676	0	0
4	BQK	April	1739	9899	560	0	0
4	BQN	April	197	9944	490	0	0
4	BRO	April	2382	20099	942	0	0
4	BRW	April	2088	4141	504	0	0
4	BTM	April	-957	7728	508	0	0
4	BTR	April	49730	116187	5745	0	0
4	BTV	April	23695	99505	4457	0	0
4	BUF	April	92287	341853	17207	0	0
4	BUR	April	103353	328604	20986	0	0
4	BWI	April	270735	1316651	74262	0	0
4	BZN	April	-3649	47429	2514	0	0
4	CAE	April	49718	141038	6384	0	0
4	CAK	April	7090	93265	4354	0	0
4	CDC	April	-554	5238	390	0	0
4	CDV	April	3695	5461	528	0	0
4	CEC	April	2900	6792	496	0	0
4	CHA	April	8926	47061	2532	0	0
4	CHO	April	-1749	20319	1024	0	0
4	CHS	April	54208	180278	8134	0	0
4	CIC	April	3305	8862	602	0	0
4	CID	April	21035	96695	5112	0	0
4	CLD	April	2189	16198	1172	0	0
4	CLE	April	216219	1269069	55798	0	0
4	CLL	April	-2152	31811	1629	0	0
4	CLT	April	569196	2048698	87260	0	0
4	CMH	April	123323	526366	27150	0	0
4	CMI	April	8344	33113	1678	0	0
4	CMX	April	-283	1082	51	0	0
4	COD	April	-3318	6714	444	0	0
4	COS	April	27469	222846	9663	0	0
4	CPR	April	2483	22926	1443	0	0
4	CRP	April	19852	86220	4871	0	0
4	CRW	April	4871	49443	2404	0	0
4	CSG	April	2182	15047	807	0	0
4	CVG	April	268445	2103784	86429	0	0
4	CWA	April	1718	7221	375	0	0
4	DAB	April	17527	53428	2405	0	0
4	DAL	April	212256	438081	35151	0	0
4	DAY	April	25174	203761	9550	0	0
4	DBQ	April	2740	14562	792	0	0
4	DCA	April	209591	1488516	64576	0	0
4	DEN	April	708663	2565838	123368	0	0
4	DFW	April	1230923	5156389	218208	0	0
4	DHN	April	5142	15718	887	0	0
4	DLG	April	454	980	114	0	0
4	DLH	April	2079	23624	1247	0	0
4	DRO	April	-4211	22044	1237	0	0
4	DSM	April	34706	160874	7977	0	0
4	DTW	April	747851	2719308	110625	0	0
4	DUT	April	1083	1193	142	0	0
4	EAU	April	4	164	7	0	0
4	EFD	April	286	4609	253	0	0
4	EGE	April	-795	19006	788	0	0
4	EKO	April	-2832	12941	1070	0	0
4	ELM	April	-723	8429	439	0	0
4	ELP	April	40974	257706	16020	0	0
4	ERI	April	-3827	12550	729	0	0
4	EUG	April	7644	44922	3107	0	0
4	EVV	April	8926	55578	2812	0	0
4	EWN	April	1393	1741	83	0	0
4	EWR	April	948240	3489581	104153	0	0
4	EYW	April	8601	19515	909	0	0
4	FAI	April	-3299	44999	3324	0	0
4	FAR	April	3595	49658	2542	0	0
4	FAT	April	2270	121548	7501	0	0
4	FAY	April	6830	18794	1022	0	0
4	FCA	April	-6935	25834	1659	0	0
4	FLG	April	-351	8130	446	0	0
4	FLL	April	413873	1187460	49291	0	0
4	FLO	April	1725	7181	416	0	0
4	FMN	April	299	19	2	0	0
4	FNT	April	11459	78446	3834	0	0
4	FSD	April	6033	58572	3055	0	0
4	FSM	April	1074	28762	1495	0	0
4	FWA	April	14938	73431	3628	0	0
4	GCC	April	2146	1984	90	0	0
4	GEG	April	8009	150165	10239	0	0
4	GFK	April	-317	11739	746	0	0
4	GGG	April	222	16411	795	0	0
4	GJT	April	-2159	34102	2198	0	0
4	GLH	April	8	38	2	0	0
4	GNV	April	5550	21291	1065	0	0
4	GPT	April	22017	71494	3609	0	0
4	GRB	April	15676	86448	4352	0	0
4	GRK	April	8733	33706	1710	0	0
4	GRR	April	33086	219503	10376	0	0
4	GSO	April	63214	260271	11125	0	0
4	GSP	April	18812	177795	7885	0	0
4	GTF	April	-11220	33232	2248	0	0
4	GTR	April	1537	22507	645	0	0
4	GUC	April	-1151	4612	244	0	0
4	HDN	April	-767	11840	506	0	0
4	HHH	April	2601	3833	162	0	0
4	HLN	April	-2169	16540	1061	0	0
4	HNL	April	21552	494554	26529	0	0
4	HOU	April	229640	531075	41667	0	0
4	HPN	April	31330	146180	5858	0	0
4	HRL	April	15432	49711	3882	0	0
4	HSV	April	23047	136086	6025	0	0
4	HTS	April	-2179	5403	391	0	0
4	HVN	April	-801	1136	81	0	0
4	IAD	April	362642	1528069	63326	0	0
4	IAH	April	572942	3337635	130533	0	0
4	ICT	April	28273	161697	7486	0	0
4	IDA	April	-5426	23429	1521	0	0
4	ILE	April	-3723	26944	1320	0	0
4	ILG	April	54	1304	51	0	0
4	ILM	April	9672	41453	2226	0	0
4	IND	April	92700	608650	28858	0	0
4	IPL	April	1331	6657	492	0	0
4	ISO	April	940	2858	147	0	0
4	ISP	April	4193	118520	8273	0	0
4	ITH	April	-532	3418	221	0	0
4	ITO	April	-3337	31342	2817	0	0
4	IYK	April	-2698	8606	490	0	0
4	JAC	April	-5720	22023	1293	0	0
4	JAN	April	15789	137295	7769	0	0
4	JAX	April	106878	415977	21654	0	0
4	JFK	April	460129	2192011	63393	0	0
4	JNU	April	12423	40283	2678	0	0
4	KOA	April	5162	73826	5493	0	0
4	KTN	April	1495	23187	1596	0	0
4	LAN	April	7713	59511	3006	0	0
4	LAS	April	581504	2473274	115943	0	0
4	LAW	April	-3302	30779	1477	0	0
4	LAX	April	512908	3248647	161090	0	0
4	LBB	April	23832	92375	6387	0	0
4	LCH	April	3371	15932	706	0	0
4	LEX	April	17337	110306	5323	0	0
4	LFT	April	14664	56468	2517	0	0
4	LGA	April	476494	2708457	83929	0	0
4	LGB	April	5345	137641	6692	0	0
4	LIH	April	-7252	57235	5488	0	0
4	LIT	April	52223	212248	11888	0	0
4	LNK	April	9410	32524	1741	0	0
4	LNY	April	29	24763	29	0	0
4	LRD	April	5700	29787	1492	0	0
4	LSE	April	6000	21319	1154	0	0
4	LWB	April	195	410	20	0	0
4	LWS	April	-285	3584	221	0	0
4	LYH	April	742	7794	473	0	0
4	MAF	April	18055	77806	5529	0	0
4	MBS	April	8399	52552	2528	0	0
4	MCI	April	93636	746528	43191	0	0
4	MCN	April	4442	12607	582	0	0
4	MCO	April	426154	1714054	83286	0	0
4	MDT	April	19065	122257	5930	0	0
4	MDW	April	241895	1022763	58248	0	0
4	MEI	April	3349	20536	571	0	0
4	MEM	April	240218	975262	42331	0	0
4	MFE	April	8747	53510	2773	0	0
4	MFR	April	8431	41278	2985	0	0
4	MGM	April	15079	41180	1888	0	0
4	MHT	April	51247	264379	14130	0	0
4	MIA	April	386415	1274333	50395	0	0
4	MKE	April	70379	358530	16646	0	0
4	MKG	April	629	836	63	0	0
4	MKK	April	-47	209	29	0	0
4	MLB	April	7754	36168	1656	0	0
4	MLI	April	7452	62636	3174	0	0
4	MLU	April	4165	31648	1704	0	0
4	MOB	April	20764	71126	3476	0	0
4	MOD	April	4436	14720	937	0	0
4	MOT	April	184	12985	802	0	0
4	MQT	April	1009	6671	426	0	0
4	MRY	April	4765	65321	4077	0	0
4	MSN	April	31118	142042	6704	0	0
4	MSO	April	-5328	35482	2171	0	0
4	MSP	April	501076	2513045	103135	0	0
4	MSY	April	159780	574097	34144	0	0
4	MTH	April	535	984	34	0	0
4	MTJ	April	-1762	16064	950	0	0
4	MYR	April	18690	77547	4093	0	0
4	OAJ	April	2342	3698	173	0	0
4	OAK	April	185145	729026	48703	0	0
4	OGG	April	13495	137462	9960	0	0
4	OKC	April	52803	293767	16786	0	0
4	OMA	April	48330	293912	15777	0	0
4	OME	April	5571	6657	715	0	0
4	ONT	April	81506	406564	26766	0	0
4	ORD	April	2554948	6173309	252811	0	0
4	ORF	April	72749	282826	14486	0	0
4	ORH	April	646	2146	105	0	0
4	OTZ	April	5850	6400	700	0	0
4	OXR	April	-1690	12774	789	0	0
4	PBI	April	170554	486865	22730	0	0
4	PDX	April	93951	666256	40539	0	0
4	PFN	April	9245	29884	1567	0	0
4	PHF	April	15389	61794	2825	0	0
4	PHL	April	745782	2376421	82939	0	0
4	PHX	April	571919	2779509	139649	0	0
4	PIA	April	9366	53006	2548	0	0
4	PIE	April	-900	9398	455	0	0
4	PIH	April	-3590	12312	912	0	0
4	PIT	April	212715	1065788	50199	0	0
4	PMD	April	-13	950	55	0	0
4	PNS	April	32482	108061	5618	0	0
4	PSC	April	-2719	26311	1775	0	0
4	PSE	April	116	3182	149	0	0
4	PSG	April	218	5500	526	0	0
4	PSP	April	37626	165869	9328	0	0
4	PVD	April	44226	365624	20071	0	0
4	PWM	April	19537	118848	5798	0	0
4	RAP	April	-18	39667	2324	0	0
4	RDD	April	5052	13366	953	0	0
4	RDM	April	510	21324	1577	0	0
4	RDU	April	210215	782359	38261	0	0
4	RFD	April	-612	3396	164	0	0
4	RIC	April	69365	281116	12957	0	0
4	RKS	April	686	1392	60	0	0
4	RNO	April	70077	315004	20329	0	0
4	ROA	April	9134	43011	2310	0	0
4	ROC	April	80186	264207	11958	0	0
4	ROW	April	-79	1254	80	0	0
4	RST	April	8398	36728	1875	0	0
4	RSW	April	112746	440095	20523	0	0
4	SAN	April	156806	1153987	61893	0	0
4	SAT	April	106946	499540	29444	0	0
4	SAV	April	51731	174215	7865	0	0
4	SBA	April	10888	113621	7126	0	0
4	SBN	April	13034	52575	2366	0	0
4	SBP	April	6028	60516	3476	0	0
4	SCC	April	2585	3238	330	0	0
4	SCE	April	-4804	11466	606	0	0
4	SDF	April	59976	289728	15873	0	0
4	SEA	April	353522	1497489	74601	0	0
4	SFO	April	434542	2088373	91825	0	0
4	SGF	April	34277	101029	4836	0	0
4	SGU	April	-2085	22374	1602	0	0
4	SHV	April	14604	105539	5348	0	0
4	SIT	April	570	12219	806	0	0
4	SJC	April	116015	842307	45795	0	0
4	SJT	April	-340	26176	1383	0	0
4	SJU	April	104816	464986	19407	0	0
4	SLC	April	106944	1933766	86995	0	0
4	SLE	April	-865	1094	57	0	0
4	SMF	April	139506	519543	34613	0	0
4	SMX	April	-1867	15604	958	0	0
4	SNA	April	72103	672778	34274	0	0
4	SOP	April	730	471	22	0	0
4	SPI	April	4471	8497	399	0	0
4	SPS	April	-267	32745	1437	0	0
4	SRQ	April	23000	113744	5570	0	0
4	STL	April	230327	1549793	73157	0	0
4	STT	April	14892	60240	2797	0	0
4	STX	April	2556	9833	438	0	0
4	SUN	April	-5427	15326	1224	0	0
4	SUX	April	150	2494	157	0	0
4	SWF	April	2878	46045	2001	0	0
4	SYR	April	40028	202839	9234	0	0
4	TEX	April	-83	447	27	0	0
4	TLH	April	11503	51713	2549	0	0
4	TOL	April	3768	43146	2320	0	0
4	TPA	April	262585	1071687	55758	0	0
4	TRI	April	-363	26209	1389	0	0
4	TTN	April	1387	2117	88	0	0
4	TUL	April	49674	289747	16166	0	0
4	TUP	April	754	2251	108	0	0
4	TUS	April	37339	292518	16233	0	0
4	TVC	April	8412	35642	1765	0	0
4	TWF	April	-3316	12133	941	0	0
4	TXK	April	-1116	17855	993	0	0
4	TYR	April	-2705	34478	1690	0	0
4	TYS	April	24578	162049	7555	0	0
4	VCT	April	118	3926	231	0	0
4	VIS	April	-741	1518	156	0	0
4	VLD	April	5087	10459	622	0	0
4	VPS	April	23170	71944	3409	0	0
4	WRG	April	-531	5468	528	0	0
4	XNA	April	42202	161694	7246	0	0
4	YAK	April	1901	5054	527	0	0
4	YKM	April	427	982	54	0	0
4	YUM	April	3583	22022	1286	0	0
