3	ABE	March	9733	84491	3914	0	0
3	ABI	March	2486	34065	1819	0	0
3	ABQ	March	114928	454515	27874	0	0
3	ABY	March	2223	12046	663	0	0
3	ACT	March	-2599	34244	1722	0	0
3	ACV	March	10835	24820	1931	0	0
3	ACY	March	1458	8194	361	0	0
3	ADK	March	1329	364	37	0	0
3	ADQ	March	2648	4831	488	0	0
3	AEX	March	8197	32629	1582	0	0
3	AGS	March	12866	38611	1621	0	0
3	AKN	March	3411	1044	123	0	0
3	ALB	March	58026	231888	11570	0	0
3	ALO	March	63	956	36	0	0
3	AMA	March	34207	84324	5535	0	0
3	ANC	March	84007	218213	12857	0	0
3	APF	March	4644	7332	329	0	0
3	ASE	March	20603	29417	1413	0	0
3	ATL	March	2511669	8081862	269861	0	0
3	ATW	March	19797	51378	1846	0	0
3	AUS	March	185048	595571	32613	0	0
3	AVL	March	12640	47972	2189	0	0
3	AVP	March	11248	40912	1676	0	0
3	AZO	March	15415	58281	2708	0	0
3	BDL	March	99151	539551	25728	0	0
3	BET	March	7083	8349	814	0	0
3	BFL	March	9630	39453	2342	0	0
3	BGM	March	-3542	18038	731	0	0
3	BGR	March	13689	52074	2517	0	0
3	BHM	March	83831	274754	15643	0	0
3	BIL	March	4669	53455	3086	0	0
3	BIS	March	52	25946	1484	0	0
3	BLI	March	-135	1885	93	0	0
3	BMI	March	23078	41760	1889	0	0
3	BNA	March	218252	752217	43397	0	0
3	BOI	March	42965	167332	11244	0	0
3	BOS	March	576988	2341431	92290	0	0
3	BPT	March	645	15248	776	0	0
3	BQK	March	3661	10941	608	0	0
3	BQN	March	874	10676	508	0	0
3	BRO	March	6538	23233	1076	0	0
3	BRW	March	4128	4460	539	0	0
3	BTM	March	-619	7957	527	0	0
3	BTR	March	58618	120524	5937	0	0
3	BTV	March	49293	105477	4397	0	0
3	BUF	March	122299	364586	17222	0	0
3	BUR	March	129395	333133	21214	0	0
3	BWI	March	359384	1327957	75432	0	0
3	BZN	March	14519	59678	2934	0	0
3	CAE	March	55316	151873	6636	0	0
3	CAK	March	33195	101614	4414	0	0
3	CDC	March	1328	5678	391	0	0
3	CDV	March	1956	5445	531	0	0
3	CEC	March	3834	7637	569	0	0
3	CHA	March	12956	50095	2611	0	0
3	CHO	March	-1731	17181	1087	0	0
3	CHS	March	59907	181362	8179	0	0
3	CIC	March	2726	8735	596	0	0
3	CID	March	42770	103179	4979	0	0
3	CLD	March	3353	15631	1137	0	0
3	CLE	March	376675	1380973	57380	0	0
3	CLL	March	231	34495	1721	0	0
3	CLT	March	648942	2092907	89577	0	0
3	CMH	March	196059	568773	27665	0	0
3	CMI	March	15801	35483	1628	0	0
3	CMX	March	1096	1278	47	0	0
3	COD	March	-1275	7311	456	0	0
3	COS	March	58907	243885	9936	0	0
3	CPR	March	4430	24694	1527	0	0
3	CRP	March	32934	91547	5018	0	0
3	CRW	March	8501	45852	2518	0	0
3	CSG	March	5274	16569	854	0	0
3	CVG	March	472985	2310844	89377	0	0
3	CWA	March	6775	7600	331	0	0
3	DAB	March	27677	62250	2779	0	0
3	DAL	March	326836	450823	36051	0	0
3	DAY	March	69990	234851	9912	0	0
3	DBQ	March	7185	16584	809	0	0
3	DCA	March	269680	1525286	66739	0	0
3	DEN	March	1151516	2784728	128847	0	0
3	DFW	March	1714691	5297303	223651	0	0
3	DHN	March	5697	15551	880	0	0
3	DLG	March	723	755	94	0	0
3	DLH	March	5106	23370	1147	0	0
3	DRO	March	2108	26324	1397	0	0
3	DSM	March	62077	190583	8571	0	0
3	DTW	March	1096736	2928920	113238	0	0
3	DUT	March	2105	1247	142	0	0
3	EAU	March	443	554	23	0	0
3	EFD	March	1341	4931	267	0	0
3	EGE	March	44283	102686	3439	0	0
3	EKO	March	1098	13683	1094	0	0
3	ELM	March	631	8917	435	0	0
3	ELP	March	76152	270129	16563	0	0
3	ERI	March	734	13002	700	0	0
3	EUG	March	11993	49003	3255	0	0
3	EVV	March	17903	62913	2871	0	0
3	EWN	March	1438	1651	90	0	0
3	EWR	March	1177193	3463269	106674	0	0
3	EYW	March	15916	18325	894	0	0
3	FAI	March	17275	48035	3427	0	0
3	FAR	March	14608	57640	2787	0	0
3	FAT	March	20855	128896	7881	0	0
3	FAY	March	9020	19489	1075	0	0
3	FCA	March	-1426	28627	1740	0	0
3	FLG	March	2433	8052	405	0	0
3	FLL	March	667056	1351835	52237	0	0
3	FLO	March	879	7180	426	0	0
3	FNT	March	28063	95902	4024	0	0
3	FSD	March	20454	65487	3126	0	0
3	FSM	March	28	30740	1562	0	0
3	FWA	March	30425	87408	3663	0	0
3	GCC	March	141	114	5	0	0
3	GEG	March	29217	160569	10432	0	0
3	GFK	March	1574	14132	845	0	0
3	GGG	March	-430	17522	837	0	0
3	GJT	March	6354	33750	2138	0	0
3	GNV	March	10526	18790	1072	0	0
3	GPT	March	30226	78320	3680	0	0
3	GRB	March	30897	100960	4454	0	0
3	GRK	March	8744	32857	1663	0	0
3	GRR	March	79286	242041	10431	0	0
3	GSO	March	78023	268647	11356	0	0
3	GSP	March	37386	180879	7892	0	0
3	GTF	March	-1948	34930	2253	0	0
3	GTR	March	4526	13462	697	0	0
3	GUC	March	4010	17711	772	0	0
3	HDN	March	27794	57846	2298	0	0
3	HHH	March	1769	2954	127	0	0
3	HLN	March	41	19151	1134	0	0
3	HNL	March	45417	498640	25732	0	0
3	HOU	March	345282	559537	42773	0	0
3	HPN	March	53003	136703	5636	0	0
3	HRL	March	30305	51604	4013	0	0
3	HSV	March	30508	144282	6228	0	0
3	HTS	March	-384	5456	373	0	0
3	HVN	March	428	1261	85	0	0
3	IAD	March	354773	1564926	66330	0	0
3	IAH	March	1035887	3587497	137328	0	0
3	ICT	March	52755	173394	7847	0	0
3	IDA	March	1151	25105	1566	0	0
3	ILE	March	-802	26814	1315	0	0
3	ILG	March	410	1478	56	0	0
3	ILM	March	13081	44652	2270	0	0
3	IND	March	177396	668173	30221	0	0
3	IPL	March	1171	6531	480	0	0
3	ISO	March	-117	1250	60	0	0
3	ISP	March	8479	130171	8374	0	0
3	ITH	March	220	3681	222	0	0
3	ITO	March	-400	28269	2486	0	0
3	IYK	March	508	9885	522	0	0
3	JAC	March	15885	54945	2438	0	0
3	JAN	March	39818	148488	7936	0	0
3	JAX	March	163521	440787	22555	0	0
3	JFK	March	570486	2154520	63814	0	0
3	JNU	March	31283	43576	2663	0	0
3	KOA	March	9612	70375	5112	0	0
3	KTN	March	10744	25275	1634	0	0
3	LAN	March	13972	64354	2983	0	0
3	LAS	March	951938	2549760	119829	0	0
3	LAW	March	-4195	32121	1505	0	0
3	LAX	March	961720	3434352	166719	0	0
3	LBB	March	38686	97024	6587	0	0
3	LCH	March	7519	18069	730	0	0
3	LEX	March	32812	120020	5409	0	0
3	LFT	March	20893	57885	2569	0	0
3	LGA	March	641624	2713606	85735	0	0
3	LGB	March	17456	146682	6976	0	0
3	LIH	March	-5295	55958	5105	0	0
3	LIT	March	70631	226050	12250	0	0
3	LNK	March	17578	32913	1596	0	0
3	LNY	March	-86	229	29	0	0
3	LRD	March	9096	30984	1537	0	0
3	LSE	March	11119	24705	1274	0	0
3	LWS	March	96	4068	237	0	0
3	LYH	March	278	7080	451	0	0
3	MAF	March	33540	82219	5866	0	0
3	MBS	March	14742	55398	2562	0	0
3	MCI	March	179031	803557	44591	0	0
3	MCN	March	8283	12367	587	0	0
3	MCO	March	695144	1822286	86171	0	0
3	MDT	March	30345	130174	6052	0	0
3	MDW	March	414098	1034034	59112	0	0
3	MEI	March	3047	9808	573	0	0
3	MEM	March	361101	1033702	44122	0	0
3	MFE	March	16529	56732	2882	0	0
3	MFR	March	16241	46192	3149	0	0
3	MGM	March	17236	37603	1882	0	0
3	MHT	March	60561	271643	14280	0	0
3	MIA	March	495632	1392579	52997	0	0
3	MKE	March	141345	377063	16327	0	0
3	MKK	March	-274	233	30	0	0
3	MLB	March	14706	38164	1770	0	0
3	MLI	March	25032	71883	3285	0	0
3	MLU	March	9369	35393	1870	0	0
3	MOB	March	25959	75720	3672	0	0
3	MOD	March	4269	15546	979	0	0
3	MOT	March	-350	13933	825	0	0
3	MQT	March	4490	7894	442	0	0
3	MRY	March	14890	70939	4314	0	0
3	MSN	March	56121	158002	6827	0	0
3	MSO	March	677	39650	2297	0	0
3	MSP	March	879216	2779650	107777	0	0
3	MSY	March	212220	599038	35072	0	0
3	MTH	March	707	939	35	0	0
3	MTJ	March	9255	38766	1998	0	0
3	MYR	March	23075	75945	3893	0	0
3	OAJ	March	1267	4166	189	0	0
3	OAK	March	254161	762799	49881	0	0
3	OGG	March	29268	143450	9853	0	0
3	OKC	March	91976	313381	17358	0	0
3	OMA	March	101678	315453	16111	0	0
3	OME	March	11154	7808	789	0	0
3	ONT	March	151000	419350	27127	0	0
3	ORD	March	3297110	6326823	258650	0	0
3	ORF	March	72735	289057	14717	0	0
3	ORH	March	2416	2213	103	0	0
3	OTZ	March	7195	6936	714	0	0
3	OXR	March	915	14320	813	0	0
3	PBI	March	249666	544633	24413	0	0
3	PDX	March	153194	683628	41399	0	0
3	PFN	March	15546	30353	1628	0	0
3	PHF	March	24960	62758	2837	0	0
3	PHL	March	735089	2323564	84956	0	0
3	PHX	March	1202967	2979823	144976	0	0
3	PIA	March	25008	55625	2508	0	0
3	PIE	March	496	11883	563	0	0
3	PIH	March	-1927	13321	935	0	0
3	PIT	March	262075	1172140	51798	0	0
3	PMD	March	100	1017	56	0	0
3	PNS	March	45402	116119	5926	0	0
3	PSC	March	225	27797	1778	0	0
3	PSE	March	454	3369	151	0	0
3	PSG	March	4243	5413	519	0	0
3	PSP	March	87780	200364	10900	0	0
3	PVD	March	67893	384447	20367	0	0
3	PWM	March	38918	126147	5820	0	0
3	RAP	March	6656	38728	2178	0	0
3	RDD	March	7093	14623	1015	0	0
3	RDM	March	5961	23725	1617	0	0
3	RDU	March	215104	798242	39094	0	0
3	RFD	March	1625	4436	171	0	0
3	RIC	March	87358	285554	13056	0	0
3	RKS	March	155	100	3	0	0
3	RNO	March	150052	345139	21531	0	0
3	ROA	March	11735	48297	2413	0	0
3	ROC	March	113975	291020	11992	0	0
3	ROW	March	963	1037	59	0	0
3	RST	March	14516	40321	1902	0	0
3	RSW	March	204513	517224	22923	0	0
3	SAN	March	313643	1205310	63638	0	0
3	SAT	March	179863	519769	30151	0	0
3	SAV	March	59881	169313	7578	0	0
3	SBA	March	28649	119459	7427	0	0
3	SBN	March	22104	51527	2460	0	0
3	SBP	March	13485	62151	3518	0	0
3	SCC	March	3278	3289	339	0	0
3	SCE	March	-4056	12541	618	0	0
3	SDF	March	102848	313403	16290	0	0
3	SEA	March	476162	1544283	75492	0	0
3	SFO	March	636753	2108464	93815	0	0
3	SGF	March	45190	98995	4704	0	0
3	SGU	March	4327	25460	1689	0	0
3	SHV	March	24752	111620	5336	0	0
3	SIT	March	4950	12411	820	0	0
3	SJC	March	199921	864046	46958	0	0
3	SJT	March	-3617	26266	1391	0	0
3	SJU	March	138775	501116	20416	0	0
3	SLC	March	419608	2172202	92532	0	0
3	SLE	March	-620	1385	61	0	0
3	SMF	March	203627	534784	35151	0	0
3	SMX	March	3296	16208	967	0	0
3	SNA	March	156332	701732	35001	0	0
3	SOP	March	62	288	13	0	0
3	SPI	March	7535	9923	408	0	0
3	SPS	March	1099	32006	1432	0	0
3	SRQ	March	45786	128028	6133	0	0
3	STL	March	297376	1620751	75897	0	0
3	STT	March	24477	66517	2987	0	0
3	STX	March	1568	9982	451	0	0
3	SUN	March	1492	21536	1468	0	0
3	SUX	March	-350	2480	162	0	0
3	SWF	March	11820	49178	1983	0	0
3	SYR	March	66919	235382	9563	0	0
3	TEX	March	1615	3938	163	0	0
3	TLH	March	22236	61065	2718	0	0
3	TOL	March	7574	47493	2420	0	0
3	TPA	March	455732	1193665	59016	0	0
3	TRI	March	4283	25979	1434	0	0
3	TTN	March	1469	2693	109	0	0
3	TUL	March	92036	299052	16570	0	0
3	TUP	March	389	2175	118	0	0
3	TUS	March	92084	318565	17297	0	0
3	TVC	March	22465	36766	1631	0	0
3	TWF	March	-142	14613	1092	0	0
3	TXK	March	-706	19441	1056	0	0
3	TYR	March	1297	35914	1764	0	0
3	TYS	March	33600	178499	7806	0	0
3	VCT	March	194	3902	250	0	0
3	VIS	March	-126	2487	223	0	0
3	VLD	March	2769	11356	599	0	0
3	VPS	March	29769	75521	3511	0	0
3	WRG	March	3070	5368	529	0	0
3	XNA	March	63919	173529	7368	0	0
3	YAK	March	1392	5081	527	0	0
3	YKM	March	601	1030	53	0	0
3	YUM	March	6982	22555	1293	0	0
