11	ABE	November	7422	69510	3188	0	0
11	ABI	November	1379	34271	1733	0	0
11	ABQ	November	39430	429532	26903	0	0
11	ABY	November	4455	11658	640	0	0
11	ACT	November	-1419	32776	1637	0	0
11	ACV	November	18330	24286	1759	0	0
11	ACY	November	2348	10486	298	0	0
11	ADK	November	153	439	44	0	0
11	ADQ	November	3855	4886	456	0	0
11	AEX	November	11093	30238	1265	0	0
11	AGS	November	14096	32372	1484	0	0
11	AKN	November	691	841	96	0	0
11	ALB	November	27509	218321	10922	0	0
11	ALO	November	78	1280	47	0	0
11	AMA	November	20876	80377	5226	0	0
11	ANC	November	78517	227644	11982	0	0
11	APF	November	900	3854	181	0	0
11	ASE	November	-1404	12568	652	0	0
11	ATL	November	2205982	7994039	255213	0	0
11	ATW	November	9525	39159	1796	0	0
11	AUS	November	99420	583097	31046	0	0
11	AVL	November	18046	50379	2092	0	0
11	AVP	November	7442	33154	1362	0	0
11	AZO	November	11104	55225	2495	0	0
11	BDL	November	45113	494937	23764	0	0
11	BET	November	11279	9165	799	0	0
11	BFL	November	2597	32863	1913	0	0
11	BGM	November	822	9345	453	0	0
11	BGR	November	12882	46416	2184	0	0
11	BHM	November	57248	270787	14725	0	0
11	BIL	November	-1524	51200	2902	0	0
11	BIS	November	-3296	25857	1489	0	0
11	BJI	November	-20	34	2	0	0
11	BLI	November	-1029	1472	77	0	0
11	BMI	November	17264	38543	1743	0	0
11	BNA	November	134155	739441	41373	0	0
11	BOI	November	28905	163498	10552	0	0
11	BOS	November	339475	2147323	84477	0	0
11	BPT	November	2307	9988	566	0	0
11	BQK	November	4036	10472	576	0	0
11	BQN	November	-2252	9856	476	0	0
11	BRO	November	4252	18670	831	0	0
11	BRW	November	3375	4184	494	0	0
11	BTM	November	124	7904	477	0	0
11	BTR	November	48321	115630	5471	0	0
11	BTV	November	25193	95956	4056	0	0
11	BUF	November	96386	338888	16378	0	0
11	BUR	November	114111	331425	20359	0	0
11	BWI	November	161502	1286194	72759	0	0
11	BZN	November	-1558	48362	2422	0	0
11	CAE	November	51233	137977	6039	0	0
11	CAK	November	32259	100623	4369	0	0
11	CDC	November	425	3879	278	0	0
11	CDV	November	-67	5564	505	0	0
11	CEC	November	9381	7211	484	0	0
11	CHA	November	11976	48400	2465	0	0
11	CHO	November	5913	17115	867	0	0
11	CHS	November	39551	178556	7997	0	0
11	CIC	November	8559	9165	584	0	0
11	CID	November	22266	110171	5284	0	0
11	CLD	November	2442	16640	1135	0	0
11	CLE	November	165168	1155219	49718	0	0
11	CLL	November	1766	31553	1601	0	0
11	CLT	November	370632	2069722	84498	0	0
11	CMH	November	102318	518819	25773	0	0
11	CMI	November	11017	36084	1652	0	0
11	CMX	November	24	1391	56	0	0
11	COD	November	-94	7620	439	0	0
11	COS	November	22983	218944	9092	0	0
11	CPR	November	1259	24520	1457	0	0
11	CRP	November	23713	84175	4720	0	0
11	CRW	November	6397	45605	2296	0	0
11	CSG	November	5590	14941	827	0	0
11	CVG	November	375847	2038547	80224	0	0
11	CWA	November	1827	12447	546	0	0
11	DAB	November	20008	45445	1861	0	0
11	DAL	November	224384	430006	33516	0	0
11	DAY	November	32796	223091	9608	0	0
11	DBQ	November	5431	16045	776	0	0
11	DCA	November	152882	1402754	60938	0	0
11	DEN	November	501677	2625740	122949	0	0
11	DFW	November	1122770	4999132	210872	0	0
11	DHN	November	7769	15860	839	0	0
11	DLG	November	933	594	68	0	0
11	DLH	November	1409	19187	1004	0	0
11	DRO	November	-1923	19154	992	0	0
11	DSM	November	31316	172730	8113	0	0
11	DTW	November	744036	2686610	103567	0	0
11	DUT	November	2317	1335	146	0	0
11	EFD	November	468	2027	123	0	0
11	EGE	November	-509	8748	371	0	0
11	EKO	November	-738	13015	954	0	0
11	ELM	November	698	7229	325	0	0
11	ELP	November	38622	243279	15259	0	0
11	ERI	November	-806	14934	712	0	0
11	EUG	November	21336	45851	2900	0	0
11	EVV	November	10955	56953	2695	0	0
11	EWN	November	1190	2971	139	0	0
11	EWR	November	760705	3136030	98198	0	0
11	EYW	November	4136	12000	648	0	0
11	FAI	November	14659	49994	3182	0	0
11	FAR	November	6615	54256	2581	0	0
11	FAT	November	31788	123901	7192	0	0
11	FAY	November	11461	22648	1066	0	0
11	FCA	November	-4423	29464	1672	0	0
11	FLG	November	608	9564	432	0	0
11	FLL	November	210336	1030634	45096	0	0
11	FLO	November	3087	7261	385	0	0
11	FNT	November	13354	81494	3654	0	0
11	FSD	November	15763	75581	3480	0	0
11	FSM	November	2424	31235	1549	0	0
11	FWA	November	15013	70763	3247	0	0
11	GCC	November	490	2678	117	0	0
11	GEG	November	26652	164748	9894	0	0
11	GFK	November	-24	12047	724	0	0
11	GGG	November	-988	14636	727	0	0
11	GJT	November	4918	34200	2048	0	0
11	GNV	November	11958	19984	1074	0	0
11	GPT	November	18648	72207	3401	0	0
11	GRB	November	10916	85849	4071	0	0
11	GRK	November	11621	38158	1873	0	0
11	GRR	November	35020	209048	9393	0	0
11	GSO	November	62630	241601	10074	0	0
11	GSP	November	26486	165378	7244	0	0
11	GTF	November	-6160	34102	2130	0	0
11	GTR	November	5351	13018	582	0	0
11	GUC	November	-502	3057	173	0	0
11	HDN	November	-1883	8980	410	0	0
11	HHH	November	1963	3471	158	0	0
11	HKY	November	414	897	57	0	0
11	HLN	November	-4044	21820	1106	0	0
11	HNL	November	2254	544942	29392	0	0
11	HOU	November	241438	544014	39826	0	0
11	HPN	November	40990	145362	5534	0	0
11	HRL	November	16003	40113	3385	0	0
11	HSV	November	22155	128360	5772	0	0
11	HTS	November	-2261	8487	409	0	0
11	HVN	November	706	2980	175	0	0
11	IAD	November	231391	1491970	61210	0	0
11	IAH	November	655954	3271483	125462	0	0
11	ICT	November	35298	166213	7284	0	0
11	IDA	November	-4564	25716	1529	0	0
11	ILE	November	-362	17840	826	0	0
11	ILG	November	1803	1788	55	0	0
11	ILM	November	6980	43465	2210	0	0
11	IND	November	86048	596905	27799	0	0
11	INL	November	-31	53	3	0	0
11	IPL	November	2654	6693	444	0	0
11	ISO	November	964	2691	118	0	0
11	ISP	November	-18639	107902	7914	0	0
11	ITH	November	975	2953	147	0	0
11	ITO	November	-2187	38540	3247	0	0
11	IYK	November	-2781	8681	471	0	0
11	JAC	November	-385	22316	1188	0	0
11	JAN	November	27254	139118	7701	0	0
11	JAX	November	90679	414412	21017	0	0
11	JFK	November	325925	2191515	62266	0	0
11	JNU	November	22971	42246	2481	0	0
11	KOA	November	-1158	81016	5959	0	0
11	KTN	November	8912	24680	1526	0	0
11	LAN	November	7024	58331	2852	0	0
11	LAS	November	606086	2401573	113866	0	0
11	LAW	November	2533	29072	1334	0	0
11	LAX	November	522736	3211856	153752	0	0
11	LBB	November	27854	89006	5988	0	0
11	LCH	November	5826	13125	530	0	0
11	LEX	November	24186	110956	4908	0	0
11	LFT	November	14874	56057	2408	0	0
11	LGA	November	494900	2547609	80735	0	0
11	LGB	November	1669	145672	6820	0	0
11	LIH	November	-5708	70885	6401	0	0
11	LIT	November	55225	216530	11423	0	0
11	LMT	November	3301	1817	111	0	0
11	LNK	November	10331	35842	1675	0	0
11	LNY	November	-183	205	27	0	0
11	LRD	November	3934	28764	1447	0	0
11	LSE	November	3429	24001	1176	0	0
11	LWB	November	-15	217	15	0	0
11	LWS	November	-614	4200	231	0	0
11	LYH	November	2291	8566	449	0	0
11	MAF	November	24525	74196	5205	0	0
11	MAZ	November	295	1211	56	0	0
11	MBS	November	4495	45895	2089	0	0
11	MCI	November	70313	760262	42014	0	0
11	MCN	November	3990	10835	505	0	0
11	MCO	November	228196	1592245	78640	0	0
11	MDT	November	25156	108952	5271	0	0
11	MDW	November	183095	979887	56579	0	0
11	MEI	November	3182	10638	469	0	0
11	MEM	November	243901	944834	40244	0	0
11	MFE	November	8431	50864	2606	0	0
11	MFR	November	24716	39683	2691	0	0
11	MGM	November	18409	41490	1857	0	0
11	MHT	November	26974	265189	13891	0	0
11	MIA	November	257049	1159854	46010	0	0
11	MKE	November	65965	372679	16648	0	0
11	MKK	November	-180	223	27	0	0
11	MLB	November	11625	34287	1553	0	0
11	MLI	November	15534	68932	3253	0	0
11	MLU	November	11943	34009	1589	0	0
11	MOB	November	23018	68211	3215	0	0
11	MOD	November	12014	15057	915	0	0
11	MOT	November	-588	13921	789	0	0
11	MQT	November	919	8160	459	0	0
11	MRY	November	14271	65707	3906	0	0
11	MSN	November	33269	154278	6744	0	0
11	MSO	November	933	39774	2172	0	0
11	MSP	November	487062	2490720	97761	0	0
11	MSY	November	140184	531736	31448	0	0
11	MTJ	November	-248	13673	814	0	0
11	MYR	November	13802	72491	3543	0	0
11	OAJ	November	2059	5245	241	0	0
11	OAK	November	209605	750439	47606	0	0
11	OGG	November	6903	152527	10898	0	0
11	OKC	November	61012	285434	15839	0	0
11	OMA	November	44080	307651	15688	0	0
11	OME	November	5900	7472	738	0	0
11	ONT	November	99129	404954	25331	0	0
11	ORD	November	2055504	5834646	242928	0	0
11	ORF	November	64296	272200	13826	0	0
11	ORH	November	498	1018	57	0	0
11	OTH	November	2896	1754	115	0	0
11	OTZ	November	6011	7216	744	0	0
11	OXR	November	-1970	12076	713	0	0
11	PBI	November	103010	397472	19020	0	0
11	PDX	November	130246	666557	39297	0	0
11	PFN	November	11661	29348	1539	0	0
11	PHF	November	24999	64037	2880	0	0
11	PHL	November	409924	2187361	80213	0	0
11	PHX	November	504754	2725435	132801	0	0
11	PIA	November	15378	61954	2591	0	0
11	PIE	November	1803	6845	340	0	0
11	PIH	November	-2423	13004	869	0	0
11	PIR	November	-2	76	4	0	0
11	PIT	November	149637	1038887	46612	0	0
11	PLN	November	-65	167	6	0	0
11	PMD	November	1467	2073	112	0	0
11	PNS	November	27213	108452	5380	0	0
11	PSC	November	2733	28154	1655	0	0
11	PSE	November	-1068	5403	258	0	0
11	PSG	November	3055	5077	472	0	0
11	PSP	November	27744	141548	7710	0	0
11	PVD	November	28971	368654	19728	0	0
11	PWM	November	37508	118766	5299	0	0
11	RAP	November	2600	37854	2108	0	0
11	RDD	November	9747	12972	872	0	0
11	RDM	November	12906	22142	1452	0	0
11	RDU	November	194870	823588	38967	0	0
11	RFD	November	-215	2717	117	0	0
11	RHI	November	62	878	47	0	0
11	RIC	November	79728	289325	12653	0	0
11	RKS	November	-403	2629	143	0	0
11	RNO	November	78934	294528	18667	0	0
11	ROA	November	14670	50626	2061	0	0
11	ROC	November	77650	249647	10343	0	0
11	ROW	November	1826	2333	144	0	0
11	RST	November	5491	39546	1926	0	0
11	RSW	November	52400	331068	15734	0	0
11	SAN	November	195838	1171167	60678	0	0
11	SAT	November	109340	510851	28955	0	0
11	SAV	November	40815	168615	7338	0	0
11	SBA	November	23402	113462	6873	0	0
11	SBN	November	10856	42097	1933	0	0
11	SBP	November	8123	56805	3135	0	0
11	SCC	November	793	3477	336	0	0
11	SCE	November	-653	10828	487	0	0
11	SDF	November	71615	292269	15177	0	0
11	SEA	November	429028	1531845	71909	0	0
11	SFO	November	559799	1996690	88288	0	0
11	SGF	November	33684	106295	4959	0	0
11	SGU	November	-1790	22853	1547	0	0
11	SHV	November	23312	97011	4838	0	0
11	SIT	November	3798	11405	764	0	0
11	SJC	November	198752	826777	44478	0	0
11	SJT	November	-1626	24105	1279	0	0
11	SJU	November	53765	386878	16677	0	0
11	SLC	November	156508	1973931	84594	0	0
11	SLE	November	-846	1255	53	0	0
11	SMF	November	169249	536282	34126	0	0
11	SMX	November	-1595	15448	891	0	0
11	SNA	November	136493	702250	33641	0	0
11	SOP	November	94	394	20	0	0
11	SPI	November	5654	11599	516	0	0
11	SPS	November	-815	28915	1279	0	0
11	SRQ	November	18135	78434	3740	0	0
11	STL	November	124327	1332459	64123	0	0
11	STT	November	5351	48547	2198	0	0
11	STX	November	1869	9771	458	0	0
11	SUN	November	-5652	16259	1206	0	0
11	SUX	November	449	1627	83	0	0
11	SWF	November	11400	40743	1615	0	0
11	SYR	November	43320	207232	8730	0	0
11	TLH	November	16279	50002	2427	0	0
11	TOL	November	9716	38790	1888	0	0
11	TPA	November	127330	978166	52183	0	0
11	TRI	November	7739	34120	1369	0	0
11	TUL	November	42551	287037	15579	0	0
11	TUP	November	778	2861	149	0	0
11	TUS	November	40975	271057	15047	0	0
11	TVC	November	8879	35631	1562	0	0
11	TWF	November	-2024	13793	990	0	0
11	TXK	November	1714	18351	940	0	0
11	TYR	November	587	33407	1629	0	0
11	TYS	November	24496	171209	7277	0	0
11	VCT	November	254	2211	157	0	0
11	VIS	November	-215	966	96	0	0
11	VLD	November	4440	9694	567	0	0
11	VPS	November	22384	79583	3624	0	0
11	WRG	November	2167	5334	486	0	0
11	XNA	November	54702	162966	6939	0	0
11	YAK	November	-1076	4816	491	0	0
11	YKM	November	833	1072	57	0	0
11	YUM	November	6341	20290	1106	0	0
