1	ABE	January	24657	99821	3742	0	0
1	ABI	January	2618	36117	1824	0	0
1	ABQ	January	71993	436549	27218	0	0
1	ABY	January	5771	12067	664	0	0
1	ACT	January	-2706	36799	1767	0	0
1	ACV	January	25775	24766	1895	0	0
1	ACY	January	1055	7446	335	0	0
1	ADK	January	183	379	35	0	0
1	ADQ	January	4598	5156	455	0	0
1	AEX	January	8511	34347	1529	0	0
1	AGS	January	6115	28563	1425	0	0
1	AKN	January	515	1046	116	0	0
1	ALB	January	81662	240976	11248	0	0
1	ALO	January	191	1318	46	0	0
1	AMA	January	15119	84574	5446	0	0
1	ANC	January	94752	239116	12545	0	0
1	APF	January	3834	7405	359	0	0
1	ASE	January	35944	29792	1262	0	0
1	ATL	January	2291671	7887205	255977	0	0
1	ATW	January	20632	48256	1641	0	0
1	AUS	January	100836	576608	31465	0	0
1	AVL	January	13847	47250	2106	0	0
1	AVP	January	20785	38751	1579	0	0
1	AZO	January	32437	65878	2519	0	0
1	BDL	January	158421	559181	25025	0	0
1	BET	January	8004	8965	810	0	0
1	BFL	January	14087	38049	2234	0	0
1	BGM	January	5158	17710	756	0	0
1	BGR	January	28490	56803	2437	0	0
1	BHM	January	70478	273351	15330	0	0
1	BIL	January	9622	54510	3034	0	0
1	BIS	January	1138	28237	1541	0	0
1	BLI	January	136	1744	86	0	0
1	BMI	January	25200	43937	1820	0	0
1	BNA	January	181687	765985	42979	0	0
1	BOI	January	87182	179212	11001	0	0
1	BOS	January	693135	2323617	87277	0	0
1	BPT	January	820	16121	878	0	0
1	BQK	January	1913	10042	583	0	0
1	BQN	January	-303	10200	478	0	0
1	BRO	January	2852	19747	921	0	0
1	BRW	January	2292	4321	521	0	0
1	BTM	January	2871	8155	508	0	0
1	BTR	January	42439	125742	5910	0	0
1	BTV	January	69039	108500	4357	0	0
1	BUF	January	155906	388707	16687	0	0
1	BUR	January	142694	320560	20799	0	0
1	BWI	January	434323	1349736	73101	0	0
1	BZN	January	30844	61586	2804	0	0
1	CAE	January	61356	145493	6418	0	0
1	CAK	January	44420	108746	4282	0	0
1	CDC	January	3359	4894	356	0	0
1	CDV	January	2578	5817	529	0	0
1	CEC	January	9720	7745	541	0	0
1	CHA	January	13273	48013	2652	0	0
1	CHO	January	520	16599	1011	0	0
1	CHS	January	40737	161892	7587	0	0
1	CIC	January	9085	9023	566	0	0
1	CID	January	60672	117034	5213	0	0
1	CKB	January	14	2949	6	0	0
1	CLD	January	4191	16347	1155	0	0
1	CLE	January	382959	1390683	53384	0	0
1	CLL	January	592	37384	1780	0	0
1	CLT	January	527353	2058011	86613	0	0
1	CMH	January	194813	598198	27696	0	0
1	CMI	January	28201	37161	1602	0	0
1	CMX	January	1304	1599	52	0	0
1	COD	January	2276	7591	452	0	0
1	COS	January	61701	245402	9918	0	0
1	CPR	January	12289	27263	1521	0	0
1	CRP	January	16997	84806	4883	0	0
1	CRW	January	17061	49244	2480	0	0
1	CSG	January	2830	14344	860	0	0
1	CVG	January	787928	2435310	88507	0	0
1	CWA	January	6954	8512	334	0	0
1	CYS	January	44	8	1	0	0
1	DAB	January	23155	51258	2220	0	0
1	DAL	January	137150	419628	34977	0	0
1	DAY	January	77303	246055	9632	0	0
1	DBQ	January	10302	16753	778	0	0
1	DCA	January	218202	1460261	63111	0	0
1	DEN	January	1122930	2728434	123715	0	0
1	DFW	January	1262111	5348392	224171	0	0
1	DHN	January	6159	16277	868	0	0
1	DLG	January	1051	864	89	0	0
1	DLH	January	5185	22177	1063	0	0
1	DRO	January	7629	26238	1257	0	0
1	DSM	January	82475	200824	8370	0	0
1	DTW	January	980872	3030291	107528	0	0
1	DUT	January	3746	2346	243	0	0
1	EFD	January	1001	4589	259	0	0
1	EGE	January	44384	102107	3194	0	0
1	EKO	January	10523	14274	1063	0	0
1	ELM	January	2151	8448	413	0	0
1	ELP	January	42230	258103	16343	0	0
1	ERI	January	2550	17139	702	0	0
1	EUG	January	35552	48141	2993	0	0
1	EVV	January	29204	63211	2866	0	0
1	EWN	January	326	1150	58	0	0
1	EWR	January	832118	3132134	100297	0	0
1	EYW	January	11965	18424	985	0	0
1	FAI	January	19296	53358	3406	0	0
1	FAR	January	22316	62711	2792	0	0
1	FAT	January	55877	130122	7594	0	0
1	FAY	January	8789	19255	1057	0	0
1	FCA	January	10035	29602	1545	0	0
1	FLG	January	1980	7476	377	0	0
1	FLL	January	406640	1108327	47526	0	0
1	FLO	January	1982	7738	424	0	0
1	FNT	January	42877	104429	3833	0	0
1	FSD	January	32968	78242	3396	0	0
1	FSM	January	481	32356	1596	0	0
1	FWA	January	56069	86550	3572	0	0
1	GEG	January	81504	181678	10165	0	0
1	GFK	January	1426	12902	746	0	0
1	GGG	January	-824	18021	840	0	0
1	GJT	January	22683	36613	2076	0	0
1	GNV	January	7049	19056	1098	0	0
1	GPT	January	19312	68608	3448	0	0
1	GRB	January	39291	104123	4265	0	0
1	GRK	January	6269	34402	1635	0	0
1	GRR	January	101923	261575	10203	0	0
1	GSO	January	83570	269570	11039	0	0
1	GSP	January	53494	190034	7951	0	0
1	GTF	January	2460	33216	2086	0	0
1	GTR	January	4901	12193	694	0	0
1	GUC	January	6802	19049	744	0	0
1	HDN	January	26459	62173	2256	0	0
1	HHH	January	133	1230	58	0	0
1	HKY	January	140	659	37	0	0
1	HLN	January	6838	21977	1103	0	0
1	HNL	January	-9957	498155	26747	0	0
1	HOU	January	175396	549250	42198	0	0
1	HPN	January	64465	134870	5330	0	0
1	HRL	January	16246	47398	3893	0	0
1	HSV	January	25456	142219	6206	0	0
1	HTS	January	549	6097	392	0	0
1	HVN	January	1418	1623	83	0	0
1	IAD	January	505461	1567820	64753	0	0
1	IAH	January	598397	3306707	129794	0	0
1	ICT	January	61885	183675	7687	0	0
1	IDA	January	18690	28376	1509	0	0
1	ILE	January	154	28250	1335	0	0
1	ILG	January	65	1373	55	0	0
1	ILM	January	4256	37174	2144	0	0
1	IND	January	162016	677583	29467	0	0
1	IPL	January	4070	6600	478	0	0
1	ISO	January	-2	1123	70	0	0
1	ISP	January	14627	121916	8160	0	0
1	ITH	January	1380	3967	216	0	0
1	ITO	January	-5392	30431	2689	0	0
1	IYK	January	-87	8815	491	0	0
1	JAC	January	50835	59762	2235	0	0
1	JAN	January	24372	147559	8204	0	0
1	JAX	January	106099	422974	21428	0	0
1	JFK	January	626221	2074338	61158	0	0
1	JNU	January	30674	45894	2540	0	0
1	KOA	January	496	72754	5344	0	0
1	KTN	January	10716	26070	1574	0	0
1	LAN	January	27024	67400	2966	0	0
1	LAS	January	859546	2384096	115268	0	0
1	LAW	January	-82	32594	1425	0	0
1	LAX	January	910028	3399824	163796	0	0
1	LBB	January	15667	95530	6465	0	0
1	LCH	January	3557	16837	697	0	0
1	LEX	January	43659	123191	5114	0	0
1	LFT	January	12880	57688	2562	0	0
1	LGA	January	473352	2590301	83856	0	0
1	LGB	January	20551	143187	6800	0	0
1	LIH	January	-10422	58326	5582	0	0
1	LIT	January	49024	214468	11916	0	0
1	LNK	January	26345	41391	1772	0	0
1	LNY	January	-141	234	25	0	0
1	LRD	January	5296	30804	1518	0	0
1	LSE	January	12538	28287	1320	0	0
1	LWS	January	1329	3391	174	0	0
1	LYH	January	1893	8496	480	0	0
1	MAF	January	14234	81063	5742	0	0
1	MAZ	January	-81	544	30	0	0
1	MBS	January	17868	56489	2445	0	0
1	MCI	January	194297	837291	43861	0	0
1	MCN	January	5623	12554	610	0	0
1	MCO	January	453322	1627409	81087	0	0
1	MDT	January	48851	132934	5683	0	0
1	MDW	January	379198	1031263	57567	0	0
1	MEI	January	3894	10629	570	0	0
1	MEM	January	287634	1001500	42996	0	0
1	MFE	January	6556	54148	2735	0	0
1	MFR	January	36305	40913	2784	0	0
1	MGM	January	12987	37888	1888	0	0
1	MHT	January	92776	283149	13883	0	0
1	MIA	January	480991	1302013	51183	0	0
1	MKE	January	129033	395215	15967	0	0
1	MKK	January	-288	178	24	0	0
1	MLB	January	8983	35953	1630	0	0
1	MLI	January	43030	83171	3308	0	0
1	MLU	January	9224	39019	1899	0	0
1	MOB	January	21373	72856	3585	0	0
1	MOD	January	13324	15569	895	0	0
1	MOT	January	-2562	14618	829	0	0
1	MQT	January	7874	8492	401	0	0
1	MRY	January	19788	68799	4286	0	0
1	MSN	January	69584	161000	6599	0	0
1	MSO	January	16315	45025	2272	0	0
1	MSP	January	619095	2726608	102802	0	0
1	MSY	January	133850	558268	33688	0	0
1	MTJ	January	14041	36962	1846	0	0
1	MYR	January	6941	57287	3131	0	0
1	OAJ	January	1425	3326	141	0	0
1	OAK	January	250983	776813	49319	0	0
1	OGG	January	9990	143817	10209	0	0
1	OKC	January	98650	315795	16767	0	0
1	OMA	January	117359	338385	15852	0	0
1	OME	January	6233	7367	711	0	0
1	ONT	January	137138	418606	26814	0	0
1	ORD	January	3492676	6134048	249325	0	0
1	ORF	January	102113	297017	14421	0	0
1	ORH	January	1749	3192	132	0	0
1	OTZ	January	5301	7005	699	0	0
1	OXR	January	290	13073	787	0	0
1	PBI	January	169058	466691	21490	0	0
1	PDX	January	186907	675560	40224	0	0
1	PFN	January	8748	25825	1498	0	0
1	PHF	January	20056	56263	2646	0	0
1	PHL	January	731297	2212595	81808	0	0
1	PHX	January	848251	2866100	140450	0	0
1	PIA	January	32959	57627	2398	0	0
1	PIE	January	3474	10601	515	0	0
1	PIH	January	9427	14834	891	0	0
1	PIT	January	373470	1281404	52012	0	0
1	PLN	January	975	1387	43	0	0
1	PMD	January	2337	1462	53	0	0
1	PNS	January	30617	100919	5167	0	0
1	PSC	January	18725	31822	1779	0	0
1	PSE	January	15	4359	202	0	0
1	PSG	January	4262	4882	475	0	0
1	PSP	January	67530	171123	9440	0	0
1	PVD	January	85572	385400	19880	0	0
1	PWM	January	68358	137354	5741	0	0
1	RAP	January	7488	40005	2234	0	0
1	RDD	January	13588	14632	999	0	0
1	RDM	January	19154	22936	1519	0	0
1	RDU	January	257824	805890	37804	0	0
1	RFD	January	1415	3843	119	0	0
1	RHI	January	257	569	27	0	0
1	RIC	January	91547	286717	12706	0	0
1	RNO	January	197550	348821	21097	0	0
1	ROA	January	18272	52974	2395	0	0
1	ROC	January	152169	308308	11522	0	0
1	ROW	January	273	1133	62	0	0
1	RST	January	18416	44187	1878	0	0
1	RSW	January	119889	388825	18119	0	0
1	SAN	January	262452	1178684	62656	0	0
1	SAT	January	94724	498029	29289	0	0
1	SAV	January	47452	152443	6939	0	0
1	SBA	January	42965	119838	7395	0	0
1	SBN	January	32597	59258	2279	0	0
1	SBP	January	12589	60597	3442	0	0
1	SCC	January	2669	3381	338	0	0
1	SCE	January	455	15757	619	0	0
1	SDF	January	101598	321836	16288	0	0
1	SEA	January	543386	1550853	73200	0	0
1	SFO	January	797782	2048088	91330	0	0
1	SGF	January	53437	109085	4728	0	0
1	SGU	January	11761	24044	1640	0	0
1	SHV	January	20524	107626	5372	0	0
1	SIT	January	5493	12157	790	0	0
1	SJC	January	207448	852071	46262	0	0
1	SJT	January	-4425	27115	1423	0	0
1	SJU	January	167089	491049	19868	0	0
1	SLC	January	889593	2245286	87603	0	0
1	SLE	January	467	1204	51	0	0
1	SMF	January	225217	545443	34659	0	0
1	SMX	January	2397	17165	975	0	0
1	SNA	January	154320	711884	34687	0	0
1	SPI	January	10077	10497	410	0	0
1	SPS	January	992	32843	1427	0	0
1	SRQ	January	26932	105418	4945	0	0
1	STL	January	324691	1634041	75022	0	0
1	STT	January	17684	64526	2863	0	0
1	STX	January	3154	10124	441	0	0
1	SUN	January	9451	17228	1160	0	0
1	SUX	January	-190	3481	186	0	0
1	SWF	January	20444	50195	1854	0	0
1	SYR	January	101278	250711	9129	0	0
1	TEX	January	1511	3399	149	0	0
1	TLH	January	11817	46474	2421	0	0
1	TOL	January	20556	52163	2408	0	0
1	TPA	January	239675	1036880	54659	0	0
1	TRI	January	8976	27927	1542	0	0
1	TTN	January	513	2522	110	0	0
1	TUL	January	74581	302807	16097	0	0
1	TUP	January	147	3095	155	0	0
1	TUS	January	71976	296860	16360	0	0
1	TVC	January	26612	38745	1464	0	0
1	TWF	January	21925	19296	1214	0	0
1	TXK	January	-282	20858	1118	0	0
1	TYR	January	-1818	38768	1825	0	0
1	TYS	January	40228	169375	7222	0	0
1	VCT	January	153	3860	238	0	0
1	VIS	January	454	2175	197	0	0
1	VLD	January	3709	10975	646	0	0
1	VPS	January	21830	65621	3225	0	0
1	WRG	January	3173	5447	499	0	0
1	XNA	January	73139	164711	7018	0	0
1	YAK	January	1858	5143	508	0	0
1	YKM	January	552	738	32	0	0
1	YUM	January	9575	22471	1305	0	0
