7	ABE	July	27524	92206	3678	0	0
7	ABI	July	9137	35854	1745	0	0
7	ABQ	July	175904	500400	29686	0	0
7	ABY	July	10295	12588	635	0	0
7	ACK	July	19148	15596	552	0	0
7	ACT	July	2733	37537	1686	0	0
7	ACV	July	17402	25771	1983	0	0
7	ACY	July	4087	6153	340	0	0
7	ADK	July	131	511	47	0	0
7	ADQ	July	6493	5362	505	0	0
7	AEX	July	15463	42067	1346	0	0
7	AGS	July	24559	38786	1594	0	0
7	AKN	July	8828	5113	476	0	0
7	ALB	July	120154	246700	12202	0	0
7	ALO	July	711	1369	53	0	0
7	AMA	July	33839	81391	5393	0	0
7	ANC	July	177487	396263	20991	0	0
7	APF	July	2535	4944	205	0	0
7	ASE	July	11281	28804	1541	0	0
7	ATL	July	4820533	10187872	271840	0	0
7	ATW	July	12043	36606	1794	0	0
7	AUS	July	201829	660441	33980	0	0
7	AVL	July	35828	58247	2580	0	0
7	AVP	July	15405	41007	1534	0	0
7	AZO	July	7149	46417	2494	0	0
7	BDL	July	216999	563412	26257	0	0
7	BET	July	8389	8609	835	0	0
7	BFF	July	93	6	1	0	0
7	BFL	July	11502	42513	2470	0	0
7	BGM	July	1504	9290	517	0	0
7	BGR	July	32123	69556	3206	0	0
7	BHM	July	139566	291836	15792	0	0
7	BIL	July	8984	66467	3618	0	0
7	BIS	July	2222	28042	1676	0	0
7	BJI	July	2	1219	57	0	0
7	BLI	July	-376	2227	122	0	0
7	BMI	July	19198	39769	1822	0	0
7	BNA	July	336806	769565	43757	0	0
7	BOI	July	62591	198819	12217	0	0
7	BOS	July	1125365	2623155	93197	0	0
7	BPT	July	1137	12649	652	0	0
7	BQK	July	7915	12042	557	0	0
7	BQN	July	4294	13560	633	0	0
7	BRO	July	7464	19889	906	0	0
7	BRW	July	8989	4719	571	0	0
7	BTM	July	-1849	8712	588	0	0
7	BTR	July	64395	115006	5443	0	0
7	BTV	July	67433	115800	4907	0	0
7	BUF	July	191317	379943	18720	0	0
7	BUR	July	125000	363076	22042	0	0
7	BWI	July	893742	1511317	78541	0	0
7	BZN	July	3215	63598	3324	0	0
7	CAE	July	77400	144644	6088	0	0
7	CAK	July	43356	102329	4599	0	0
7	CDC	July	-206	3818	306	0	0
7	CDV	July	6000	5832	544	0	0
7	CEC	July	6596	7124	492	0	0
7	CHA	July	26447	53394	2523	0	0
7	CHO	July	5201	18493	987	0	0
7	CHS	July	70863	189284	8333	0	0
7	CIC	July	4537	8864	611	0	0
7	CID	July	35991	108359	5539	0	0
7	CLD	July	2536	16876	1199	0	0
7	CLE	July	403612	1292902	56036	0	0
7	CLL	July	2328	31072	1532	0	0
7	CLT	July	989448	2234033	90411	0	0
7	CMH	July	214135	549825	27707	0	0
7	CMI	July	15295	34881	1752	0	0
7	CMX	July	588	641	31	0	0
7	COD	July	-1094	12647	770	0	0
7	COS	July	74349	264788	11061	0	0
7	CPR	July	3819	25617	1626	0	0
7	CRP	July	47535	97522	5177	0	0
7	CRW	July	24601	50591	2216	0	0
7	CSG	July	11645	15699	805	0	0
7	CVG	July	697341	2245147	87637	0	0
7	CWA	July	4329	10287	519	0	0
7	DAB	July	32053	50061	2045	0	0
7	DAL	July	331247	448578	35574	0	0
7	DAY	July	74695	215671	9719	0	0
7	DBQ	July	5268	15681	841	0	0
7	DCA	July	589544	1624032	65263	0	0
7	DEN	July	1748579	3091893	142651	0	0
7	DFW	July	2634142	5673774	230881	0	0
7	DHN	July	15130	17997	846	0	0
7	DLG	July	8139	3318	324	0	0
7	DLH	July	5767	24068	1230	0	0
7	DRO	July	6515	24957	1343	0	0
7	DSM	July	60588	184033	8789	0	0
7	DTW	July	1247340	2961046	114514	0	0
7	DUT	July	3290	1839	203	0	0
7	EFD	July	127	4951	257	0	0
7	EGE	July	3793	17229	716	0	0
7	EKO	July	-1638	13295	1050	0	0
7	ELM	July	-504	8723	455	0	0
7	ELP	July	106771	271673	16568	0	0
7	ERI	July	119	12929	710	0	0
7	EUG	July	15514	51433	3445	0	0
7	EVV	July	28735	63879	2743	0	0
7	EWN	July	3141	3062	141	0	0
7	EWR	July	1641549	3943510	105168	0	0
7	EYW	July	12178	16138	793	0	0
7	FAI	July	26045	78026	5023	0	0
7	FAR	July	8527	56267	2910	0	0
7	FAT	July	37854	138646	8215	0	0
7	FAY	July	15777	22270	1037	0	0
7	FCA	July	4886	41912	2264	0	0
7	FLG	July	3563	9793	481	0	0
7	FLL	July	464318	1082605	44462	0	0
7	FLO	July	5258	8746	412	0	0
7	FNT	July	20821	74104	3570	0	0
7	FSD	July	12070	65772	3288	0	0
7	FSM	July	9500	32647	1577	0	0
7	FWA	July	21788	73081	3363	0	0
7	GCC	July	1175	2548	133	0	0
7	GEG	July	41711	177400	11189	0	0
7	GFK	July	186	10792	654	0	0
7	GGG	July	795	17672	838	0	0
7	GJT	July	12095	36876	2207	0	0
7	GNV	July	18089	27976	1038	0	0
7	GPT	July	45345	85348	3742	0	0
7	GRB	July	25694	87225	4482	0	0
7	GRK	July	17038	35225	1663	0	0
7	GRR	July	57893	220559	10246	0	0
7	GSO	July	97018	272108	11181	0	0
7	GSP	July	60991	186233	7878	0	0
7	GST	July	2435	4926	263	0	0
7	GTF	July	-4394	31671	1947	0	0
7	GTR	July	8716	16495	565	0	0
7	GUC	July	2315	6357	326	0	0
7	HDN	July	1195	10946	533	0	0
7	HHH	July	5627	4788	199	0	0
7	HKY	July	1554	1606	90	0	0
7	HLN	July	-2253	21209	1336	0	0
7	HNL	July	69025	572171	30436	0	0
7	HOU	July	470467	574084	42803	0	0
7	HPN	July	90585	166952	5771	0	0
7	HRL	July	28504	49013	3817	0	0
7	HSV	July	54068	142257	6051	0	0
7	HTS	July	1631	6122	364	0	0
7	HVN	July	1683	4354	172	0	0
7	IAD	July	928529	1790722	65788	0	0
7	IAH	July	1314868	3746267	136998	0	0
7	ICT	July	74770	174360	7552	0	0
7	IDA	July	-2685	26840	1682	0	0
7	ILE	July	-885	27434	1332	0	0
7	ILG	July	1293	1997	85	0	0
7	ILM	July	24822	52708	2442	0	0
7	IND	July	217759	668419	30718	0	0
7	INL	July	-106	1794	86	0	0
7	IPL	July	-234	6511	447	0	0
7	ISO	July	2679	3398	145	0	0
7	ISP	July	64714	133768	8632	0	0
7	ITH	July	-394	3535	234	0	0
7	ITO	July	896	38355	3196	0	0
7	IYK	July	-1352	8896	501	0	0
7	JAC	July	11600	62494	2966	0	0
7	JAN	July	83978	153181	7901	0	0
7	JAX	July	213341	446964	22351	0	0
7	JFK	July	1295558	2865331	68554	0	0
7	JNU	July	56568	85094	4939	0	0
7	KOA	July	23090	91226	6534	0	0
7	KTN	July	21837	37745	2370	0	0
7	LAN	July	9090	56214	2869	0	0
7	LAS	July	1252055	2703577	119535	0	0
7	LAW	July	2670	34501	1571	0	0
7	LAX	July	1305307	3727594	173687	0	0
7	LBB	July	49020	96475	6382	0	0
7	LCH	July	6424	15420	668	0	0
7	LEX	July	44210	125662	5563	0	0
7	LFT	July	30051	59734	2501	0	0
7	LGA	July	995632	3023258	84933	0	0
7	LGB	July	47442	168504	7600	0	0
7	LIH	July	2025	71590	6619	0	0
7	LIT	July	111703	238910	12289	0	0
7	LMT	July	1440	832	46	0	0
7	LNK	July	15864	34293	1655	0	0
7	LNY	July	-218	235	31	0	0
7	LRD	July	14180	30142	1452	0	0
7	LSE	July	6733	22216	1202	0	0
7	LWB	July	1475	3997	197	0	0
7	LWS	July	-408	4086	234	0	0
7	LYH	July	2392	8166	459	0	0
7	MAF	July	44579	82598	5579	0	0
7	MBS	July	10559	49407	2362	0	0
7	MCI	July	287093	850746	46053	0	0
7	MCN	July	7141	15398	607	0	0
7	MCO	July	948494	1855451	84158	0	0
7	MDT	July	50675	131759	5977	0	0
7	MDW	July	750829	1208139	61005	0	0
7	MEI	July	8910	10817	461	0	0
7	MEM	July	370084	1035641	43922	0	0
7	MFE	July	22481	56358	2808	0	0
7	MFR	July	24901	46830	3270	0	0
7	MGM	July	28948	41915	1857	0	0
7	MHT	July	150245	304977	14816	0	0
7	MIA	July	767674	1319748	49423	0	0
7	MKE	July	139991	404113	18005	0	0
7	MKG	July	-14	979	79	0	0
7	MKK	July	-283	240	31	0	0
7	MLB	July	15368	36815	1576	0	0
7	MLI	July	31875	73047	3597	0	0
7	MLU	July	15503	37389	1726	0	0
7	MOB	July	35444	77909	3549	0	0
7	MOD	July	10166	15158	976	0	0
7	MOT	July	4158	13536	823	0	0
7	MQT	July	5318	7295	487	0	0
7	MRY	July	25380	70758	4311	0	0
7	MSN	July	37367	144417	6799	0	0
7	MSO	July	3929	50310	2881	0	0
7	MSP	July	990534	2957384	113107	0	0
7	MSY	July	250192	606356	34971	0	0
7	MTJ	July	4057	23579	1331	0	0
7	MYR	July	51717	96158	4657	0	0
7	OAJ	July	3683	4626	198	0	0
7	OAK	July	322537	822951	51944	0	0
7	OGG	July	21826	169946	11978	0	0
7	OKC	July	115704	310611	16871	0	0
7	OMA	July	111377	325153	16736	0	0
7	OME	July	10321	8474	787	0	0
7	ONT	July	160898	439687	28081	0	0
7	ORD	July	4249314	7224332	262698	0	0
7	ORF	July	167175	316114	15360	0	0
7	ORH	July	-1522	1978	106	0	0
7	OTH	July	1387	900	47	0	0
7	OTZ	July	7957	8030	764	0	0
7	OXR	July	-954	13375	778	0	0
7	PBI	July	141728	361302	17514	0	0
7	PDX	July	258135	817550	44881	0	0
7	PFN	July	32377	45854	1641	0	0
7	PHF	July	49149	75375	3000	0	0
7	PHL	July	1394068	2811359	85251	0	0
7	PHX	July	1244671	2976460	141944	0	0
7	PIA	July	17309	50486	2383	0	0
7	PIE	July	3266	9099	433	0	0
7	PIH	July	-2468	12946	930	0	0
7	PIT	July	503915	1162745	52055	0	0
7	PLN	July	910	5206	210	0	0
7	PMD	July	1303	1866	114	0	0
7	PNS	July	58508	125583	6213	0	0
7	PSC	July	-2417	29880	1885	0	0
7	PSE	July	1122	5762	243	0	0
7	PSG	July	12351	5227	531	0	0
7	PSP	July	21001	90796	5191	0	0
7	PUB	July	249	85	3	0	0
7	PVD	July	193485	413080	20985	0	0
7	PWM	July	114304	168809	7367	0	0
7	RAP	July	8628	54135	2988	0	0
7	RDD	July	7214	14263	979	0	0
7	RDM	July	3630	22357	1669	0	0
7	RDR	July	-4	438	30	0	0
7	RDU	July	454615	886430	41108	0	0
7	RFD	July	-870	2419	114	0	0
7	RHI	July	547	963	54	0	0
7	RIC	July	147450	310390	13708	0	0
7	RKS	July	972	1856	102	0	0
7	RNO	July	125174	339074	20726	0	0
7	ROA	July	21636	49730	2270	0	0
7	ROC	July	132384	283161	11869	0	0
7	ROW	July	91	1490	88	0	0
7	RST	July	10413	37022	1962	0	0
7	RSW	July	98912	281672	13123	0	0
7	SAN	July	472301	1373408	67397	0	0
7	SAT	July	205204	573502	31297	0	0
7	SAV	July	75278	188722	8453	0	0
7	SBA	July	32481	123308	7472	0	0
7	SBN	July	15900	43997	2102	0	0
7	SBP	July	13982	62972	3567	0	0
7	SCC	July	3522	3959	386	0	0
7	SCE	July	-1494	7661	472	0	0
7	SDF	July	160809	313962	16303	0	0
7	SEA	July	817645	1965815	90002	0	0
7	SFO	July	926501	2397654	100626	0	0
7	SGF	July	41902	108697	5203	0	0
7	SGU	July	1501	22482	1534	0	0
7	SHV	July	44652	116550	5204	0	0
7	SIT	July	8580	23132	1431	0	0
7	SJC	July	252062	941433	49299	0	0
7	SJT	July	4502	27326	1347	0	0
7	SJU	July	197673	488709	19912	0	0
7	SLC	July	510129	2231913	95030	0	0
7	SLE	July	-107	2214	106	0	0
7	SMF	July	235353	605356	37760	0	0
7	SMX	July	-1008	16876	967	0	0
7	SNA	July	203842	727826	35782	0	0
7	SOP	July	1081	1092	52	0	0
7	SPI	July	4803	7974	360	0	0
7	SPS	July	523	36648	1493	0	0
7	SRQ	July	28088	80794	3628	0	0
7	STL	July	577252	1724234	76630	0	0
7	STT	July	14138	49042	2196	0	0
7	STX	July	4284	10635	442	0	0
7	SUN	July	-920	26332	1998	0	0
7	SUX	July	-395	1451	86	0	0
7	SWF	July	20367	44964	1947	0	0
7	SYR	July	87680	205913	9590	0	0
7	TLH	July	33792	67471	3222	0	0
7	TOL	July	10372	43557	2318	0	0
7	TPA	July	529561	1079286	53483	0	0
7	TRI	July	16010	31872	1352	0	0
7	TTN	July	722	1744	66	0	0
7	TUL	July	119552	313826	16959	0	0
7	TUP	July	2268	3499	183	0	0
7	TUS	July	83040	294015	15735	0	0
7	TVC	July	33547	72328	3593	0	0
7	TWF	July	-1972	13177	945	0	0
7	TXK	July	1250	18093	873	0	0
7	TYR	July	2208	36948	1662	0	0
7	TYS	July	63579	179414	7829	0	0
7	VCT	July	395	2093	135	0	0
7	VIS	July	-878	1597	161	0	0
7	VLD	July	7824	13425	591	0	0
7	VPS	July	49126	91948	3950	0	0
7	WRG	July	9170	5265	526	0	0
7	WYS	July	-1223	5635	432	0	0
7	XNA	July	92165	179468	7131	0	0
7	YAK	July	5136	5218	539	0	0
7	YKM	July	336	1966	114	0	0
7	YUM	July	4540	20945	1168	0	0
