5	ABE	May	7929	85220	4014	0	0
5	ABI	May	3299	34763	1839	0	0
5	ABQ	May	86282	467350	28740	0	0
5	ABY	May	3017	11427	653	0	0
5	ACK	May	-189	351	18	0	0
5	ACT	May	45	36636	1774	0	0
5	ACV	May	10132	23729	1904	0	0
5	ACY	May	-1857	5162	304	0	0
5	ADK	May	421	497	48	0	0
5	ADQ	May	1724	4978	532	0	0
5	AEX	May	9000	31048	1373	0	0
5	AGS	May	7899	33876	1580	0	0
5	AKN	May	957	2337	285	0	0
5	ALB	May	42314	231487	12007	0	0
5	ALO	May	-40	1151	50	0	0
5	AMA	May	30292	78874	5371	0	0
5	ANC	May	58822	257769	15197	0	0
5	APF	May	1025	5229	185	0	0
5	ASE	May	-1924	7327	469	0	0
5	ATL	May	1832839	8516611	267833	0	0
5	ATW	May	4960	38778	1994	0	0
5	AUS	May	145525	606549	33605	0	0
5	AVL	May	13557	51101	2372	0	0
5	AVP	May	6582	36758	1639	0	0
5	AZO	May	8111	52356	2766	0	0
5	BDL	May	55303	519767	25677	0	0
5	BET	May	4150	8446	837	0	0
5	BFL	May	4588	40041	2357	0	0
5	BGM	May	-2522	10840	666	0	0
5	BGR	May	9750	48191	2565	0	0
5	BHM	May	76773	275919	15708	0	0
5	BIL	May	-2474	54270	3159	0	0
5	BIS	May	-1854	25623	1605	0	0
5	BLI	May	-618	822	52	0	0
5	BMI	May	13172	41203	1940	0	0
5	BNA	May	204628	749362	43802	0	0
5	BOI	May	10678	162434	11169	0	0
5	BOS	May	445164	2314790	92120	0	0
5	BPT	May	106	13348	718	0	0
5	BQK	May	4741	13233	595	0	0
5	BQN	May	170	10865	535	0	0
5	BRO	May	3717	20063	920	0	0
5	BRW	May	4753	4540	565	0	0
5	BTM	May	-1817	7140	495	0	0
5	BTR	May	62587	120345	5802	0	0
5	BTV	May	20148	99055	4686	0	0
5	BUF	May	68285	353213	18110	0	0
5	BUR	May	81778	347728	21747	0	0
5	BWI	May	381479	1402924	77246	0	0
5	BZN	May	-3766	45955	2441	0	0
5	CAE	May	44290	138473	6314	0	0
5	CAK	May	11138	87776	4430	0	0
5	CDC	May	28	3748	274	0	0
5	CDV	May	3107	6007	549	0	0
5	CEC	May	3905	6611	498	0	0
5	CHA	May	12761	49535	2640	0	0
5	CHO	May	-262	16714	1084	0	0
5	CHS	May	52423	188074	8369	0	0
5	CIC	May	5399	8999	613	0	0
5	CID	May	24587	102610	5329	0	0
5	CLD	May	2845	16498	1199	0	0
5	CLE	May	200208	1241389	55853	0	0
5	CLL	May	4214	33167	1662	0	0
5	CLT	May	489739	2144654	90806	0	0
5	CMH	May	131669	536993	27638	0	0
5	CMI	May	9469	34697	1792	0	0
5	CMX	May	-223	1352	61	0	0
5	COD	May	-1803	6809	460	0	0
5	COS	May	36859	231401	10244	0	0
5	CPR	May	311	22676	1480	0	0
5	CRP	May	32429	84627	4981	0	0
5	CRW	May	7439	50505	2472	0	0
5	CSG	May	4103	14727	848	0	0
5	CVG	May	311748	2183612	87769	0	0
5	CWA	May	1820	8661	434	0	0
5	DAB	May	15090	48188	2211	0	0
5	DAL	May	305308	464114	35896	0	0
5	DAY	May	37591	211964	9852	0	0
5	DBQ	May	5059	15052	839	0	0
5	DCA	May	252051	1554337	66215	0	0
5	DEN	May	1022091	2769221	133204	0	0
5	DFW	May	1683518	5532452	226909	0	0
5	DHN	May	4948	16123	921	0	0
5	DLG	May	714	2122	224	0	0
5	DLH	May	1137	25481	1345	0	0
5	DRO	May	-2300	20455	1162	0	0
5	DSM	May	43030	175060	8616	0	0
5	DTW	May	871667	2840405	112790	0	0
5	DUT	May	-61	1672	201	0	0
5	EAU	May	-83	455	22	0	0
5	EFD	May	-54	4400	258	0	0
5	EGE	May	65	8057	424	0	0
5	EKO	May	-2635	12042	1007	0	0
5	ELM	May	-82	8364	455	0	0
5	ELP	May	53353	266549	16434	0	0
5	ERI	May	-1086	13158	754	0	0
5	EUG	May	9554	47684	3278	0	0
5	EVV	May	15974	64451	2835	0	0
5	EWN	May	201	2105	111	0	0
5	EWR	May	861230	3588354	104731	0	0
5	EYW	May	4926	18214	934	0	0
5	FAI	May	15141	54600	3905	0	0
5	FAR	May	1152	48953	2656	0	0
5	FAT	May	13003	129218	8014	0	0
5	FAY	May	5090	21524	1035	0	0
5	FCA	May	-8383	25994	1703	0	0
5	FLG	May	1873	9361	459	0	0
5	FLL	May	257918	1058547	45564	0	0
5	FLO	May	1833	8891	425	0	0
5	FNT	May	2090	71499	3542	0	0
5	FSD	May	7896	64973	3382	0	0
5	FSM	May	4588	30813	1572	0	0
5	FWA	May	13929	70769	3454	0	0
5	GCC	May	1981	1980	90	0	0
5	GEG	May	8635	155273	10592	0	0
5	GFK	May	-930	10398	661	0	0
5	GGG	May	536	16983	835	0	0
5	GJT	May	3651	35395	2263	0	0
5	GNV	May	4397	21356	1113	0	0
5	GPT	May	29793	81214	3747	0	0
5	GRB	May	8217	78476	4153	0	0
5	GRK	May	10154	33097	1711	0	0
5	GRR	May	32661	210024	10381	0	0
5	GSO	May	56514	265348	11354	0	0
5	GSP	May	29504	187351	8026	0	0
5	GTF	May	-12416	36067	2424	0	0
5	GTR	May	2977	14251	604	0	0
5	GUC	May	-279	3195	183	0	0
5	HDN	May	-1254	5703	278	0	0
5	HHH	May	1055	3682	169	0	0
5	HKY	May	518	1062	62	0	0
5	HLN	May	-3235	16853	1021	0	0
5	HNL	May	42453	505484	27112	0	0
5	HOU	May	316232	547567	42675	0	0
5	HPN	May	37509	159492	6166	0	0
5	HRL	May	25455	48397	3859	0	0
5	HSV	May	26349	129115	6020	0	0
5	HTS	May	-249	4938	343	0	0
5	HVN	May	58	3814	103	0	0
5	IAD	May	486566	1619953	64539	0	0
5	IAH	May	929004	3531864	133599	0	0
5	ICT	May	45877	166831	7716	0	0
5	IDA	May	-5018	23721	1599	0	0
5	ILE	May	-3884	28033	1381	0	0
5	ILG	May	-576	1381	57	0	0
5	ILM	May	8055	41026	2336	0	0
5	IND	May	112888	637084	30032	0	0
5	IPL	May	-432	6639	504	0	0
5	ISO	May	2140	2401	128	0	0
5	ISP	May	6509	116330	8446	0	0
5	ITH	May	-203	3581	235	0	0
5	ITO	May	-2040	33580	2916	0	0
5	IYK	May	-2380	8855	501	0	0
5	JAC	May	-1111	20152	1240	0	0
5	JAN	May	36709	138285	7826	0	0
5	JAX	May	102595	423275	21970	0	0
5	JFK	May	349253	2204443	63501	0	0
5	JNU	May	30241	50723	3209	0	0
5	KOA	May	9116	76428	5599	0	0
5	KTN	May	9366	26338	1787	0	0
5	LAN	May	6412	61596	3028	0	0
5	LAS	May	681442	2616212	119742	0	0
5	LAW	May	1519	33640	1576	0	0
5	LAX	May	626197	3389591	167021	0	0
5	LBB	May	38493	93656	6409	0	0
5	LCH	May	6559	16468	713	0	0
5	LEX	May	24596	118936	5610	0	0
5	LFT	May	14836	55241	2452	0	0
5	LGA	May	499460	2888134	85915	0	0
5	LGB	May	-7924	152097	7238	0	0
5	LIH	May	-2689	59909	5718	0	0
5	LIT	May	67047	216432	12173	0	0
5	LNK	May	10598	35425	1881	0	0
5	LNY	May	-163	253	30	0	0
5	LRD	May	12081	30726	1527	0	0
5	LSE	May	7391	21419	1139	0	0
5	LWB	May	429	3634	211	0	0
5	LWS	May	-1319	3845	231	0	0
5	LYH	May	-1057	7668	489	0	0
5	MAF	May	33251	78247	5542	0	0
5	MBS	May	5425	54550	2614	0	0
5	MCI	May	206282	809370	45455	0	0
5	MCN	May	4585	13346	603	0	0
5	MCO	May	314007	1662868	82896	0	0
5	MDT	May	20901	129877	6094	0	0
5	MDW	May	395072	1115201	60018	0	0
5	MEI	May	4702	14395	483	0	0
5	MEM	May	253851	1007214	43449	0	0
5	MFE	May	13456	52762	2796	0	0
5	MFR	May	14034	41604	3027	0	0
5	MGM	May	15662	40776	1978	0	0
5	MHT	May	40321	272451	14614	0	0
5	MIA	May	362135	1262274	50009	0	0
5	MKC	May	25	22	1	0	0
5	MKE	May	73145	380019	17464	0	0
5	MKG	May	1257	983	78	0	0
5	MKK	May	-260	230	30	0	0
5	MLB	May	6209	35105	1668	0	0
5	MLI	May	12148	65408	3204	0	0
5	MLU	May	8088	31691	1677	0	0
5	MOB	May	19253	69611	3452	0	0
5	MOD	May	8975	14951	979	0	0
5	MOT	May	-543	12945	828	0	0
5	MQT	May	2228	6562	460	0	0
5	MRY	May	17160	68824	4295	0	0
5	MSN	May	32793	147332	6852	0	0
5	MSO	May	-2986	37383	2317	0	0
5	MSP	May	520149	2657538	107014	0	0
5	MSY	May	181911	608294	35499	0	0
5	MTH	May	-39	1043	35	0	0
5	MTJ	May	-1921	14887	917	0	0
5	MYR	May	15873	93101	4385	0	0
5	OAJ	May	-1012	3434	172	0	0
5	OAK	May	156583	762497	50452	0	0
5	OGG	May	14421	136606	10049	0	0
5	OKC	May	95353	305885	17270	0	0
5	OMA	May	92696	315702	16891	0	0
5	OME	May	2680	6935	769	0	0
5	ONT	May	95485	429280	27795	0	0
5	ORD	May	3192222	6839490	260640	0	0
5	ORF	May	77810	298427	15177	0	0
5	ORH	May	-25	2057	105	0	0
5	OTZ	May	3202	6864	733	0	0
5	OXR	May	-1667	13045	799	0	0
5	PBI	May	75721	385530	19015	0	0
5	PDX	May	91759	711612	42105	0	0
5	PFN	May	8895	30780	1641	0	0
5	PHF	May	11849	56850	2846	0	0
5	PHL	May	666508	2521067	85041	0	0
5	PHX	May	663351	2825760	142378	0	0
5	PIA	May	15542	59082	2630	0	0
5	PIE	May	507	8590	421	0	0
5	PIH	May	-5571	11800	908	0	0
5	PIT	May	226676	1120749	52468	0	0
5	PLN	May	375	691	28	0	0
5	PMD	May	452	982	56	0	0
5	PNS	May	30542	116552	6020	0	0
5	PSC	May	-4366	28250	1893	0	0
5	PSE	May	42	3504	160	0	0
5	PSG	May	4468	5497	551	0	0
5	PSP	May	26654	128020	7207	0	0
5	PVD	May	52296	382052	20654	0	0
5	PWM	May	19530	128686	6161	0	0
5	RAP	May	3888	43098	2582	0	0
5	RDD	May	6908	13586	995	0	0
5	RDM	May	229	21397	1637	0	0
5	RDU	May	198591	816748	40089	0	0
5	RFD	May	-1018	3483	178	0	0
5	RHI	May	7	490	30	0	0
5	RIC	May	72033	289989	13390	0	0
5	RKS	May	904	1304	61	0	0
5	RNO	May	50525	318733	20717	0	0
5	ROA	May	15792	51603	2486	0	0
5	ROC	May	44736	260938	12058	0	0
5	ROW	May	525	1388	86	0	0
5	RST	May	10375	36564	1903	0	0
5	RSW	May	45302	305193	14883	0	0
5	SAN	May	201267	1230388	64677	0	0
5	SAT	May	156133	538369	30760	0	0
5	SAV	May	51567	183034	8333	0	0
5	SBA	May	18146	118194	7321	0	0
5	SBN	May	11879	46066	2427	0	0
5	SBP	May	12617	61376	3529	0	0
5	SCC	May	-750	3397	345	0	0
5	SCE	May	-2413	8036	578	0	0
5	SDF	May	101697	320595	16951	0	0
5	SEA	May	367505	1646409	80583	0	0
5	SFO	May	540995	2242961	95946	0	0
5	SGF	May	41529	105727	5228	0	0
5	SGU	May	-3680	23228	1653	0	0
5	SHV	May	22447	106621	5491	0	0
5	SIT	May	4826	13992	1001	0	0
5	SJC	May	123742	883512	47449	0	0
5	SJT	May	2987	27423	1417	0	0
5	SJU	May	42732	426412	18357	0	0
5	SLC	May	88334	1951882	88560	0	0
5	SLE	May	-785	1012	57	0	0
5	SMF	May	148304	554512	36539	0	0
5	SMX	May	-2821	15789	969	0	0
5	SNA	May	121872	701329	35461	0	0
5	SOP	May	302	476	22	0	0
5	SPI	May	4469	7989	375	0	0
5	SPS	May	1139	34722	1496	0	0
5	SRQ	May	3319	79645	4103	0	0
5	STL	May	428392	1655147	75917	0	0
5	STT	May	1734	46698	2204	0	0
5	STX	May	2855	9635	437	0	0
5	SUN	May	-5998	13904	1149	0	0
5	SUX	May	-299	3135	185	0	0
5	SWF	May	4030	41895	1956	0	0
5	SYR	May	32997	200982	9359	0	0
5	TEX	May	-165	376	26	0	0
5	TLH	May	7771	52459	2717	0	0
5	TOL	May	6165	49330	2333	0	0
5	TPA	May	158145	1005477	53701	0	0
5	TRI	May	3501	26185	1441	0	0
5	TTN	May	239	2616	112	0	0
5	TUL	May	93777	300222	16700	0	0
5	TUP	May	-273	2196	119	0	0
5	TUS	May	57741	293679	16176	0	0
5	TVC	May	14612	37362	1929	0	0
5	TWF	May	-6024	12223	961	0	0
5	TXK	May	-405	15979	844	0	0
5	TYR	May	177	34692	1653	0	0
5	TYS	May	36970	179214	7798	0	0
5	VCT	May	-357	3851	237	0	0
5	VIS	May	-833	1587	162	0	0
5	VLD	May	3017	11184	602	0	0
5	VPS	May	33288	78458	3513	0	0
5	WRG	May	2926	5541	550	0	0
5	XNA	May	59842	174019	7577	0	0
5	YAK	May	1967	5439	549	0	0
5	YKM	May	98	344	26	0	0
5	YUM	May	1128	22428	1282	0	0
