8	ABE	August	19622	80717	3740	0	0
8	ABI	August	8403	35540	1761	0	0
8	ABQ	August	136208	494095	29863	0	0
8	ABY	August	7841	12805	668	0	0
8	ACK	August	16637	16948	588	0	0
8	ACT	August	4015	40429	1851	0	0
8	ACV	August	20788	26164	2021	0	0
8	ACY	August	1183	6094	334	0	0
8	ADK	August	863	478	44	0	0
8	ADQ	August	8242	5440	529	0	0
8	AEX	August	10080	30116	1364	0	0
8	AGS	August	23308	40026	1609	0	0
8	AKN	August	2900	3720	366	0	0
8	ALB	August	94922	252788	12441	0	0
8	ALO	August	285	1305	54	0	0
8	AMA	August	23491	80990	5437	0	0
8	ANC	August	166714	380406	20606	0	0
8	APF	August	1359	4307	190	0	0
8	ASE	August	7572	28629	1551	0	0
8	ATL	August	3831170	9902369	274201	0	0
8	ATW	August	11006	36542	1850	0	0
8	AUS	August	161210	638371	34039	0	0
8	AVL	August	33401	59268	2490	0	0
8	AVP	August	13369	34143	1516	0	0
8	AZO	August	6220	46341	2480	0	0
8	BDL	August	170401	566274	26298	0	0
8	BET	August	13525	9119	833	0	0
8	BFL	August	7236	42300	2448	0	0
8	BGM	August	2660	9058	513	0	0
8	BGR	August	34026	62140	3199	0	0
8	BHM	August	81299	293691	15992	0	0
8	BIL	August	6886	62800	3609	0	0
8	BIS	August	869	28299	1662	0	0
8	BJI	August	346	892	44	0	0
8	BLI	August	301	2396	124	0	0
8	BMI	August	18221	42591	1939	0	0
8	BNA	August	233011	775745	44038	0	0
8	BOI	August	66607	197307	12172	0	0
8	BOS	August	979954	2622875	94296	0	0
8	BPT	August	-1284	12007	641	0	0
8	BQK	August	7157	12231	587	0	0
8	BQN	August	901	13342	640	0	0
8	BRO	August	1621	19963	907	0	0
8	BRW	August	9074	4952	571	0	0
8	BTM	August	-1625	8683	577	0	0
8	BTR	August	54112	115970	5536	0	0
8	BTV	August	61748	113778	4997	0	0
8	BUF	August	166785	379507	18758	0	0
8	BUR	August	133620	367820	22239	0	0
8	BWI	August	696453	1501259	79009	0	0
8	BZN	August	852	63609	3300	0	0
8	CAE	August	58132	143691	6077	0	0
8	CAK	August	40425	97556	4663	0	0
8	CDC	August	-581	3996	301	0	0
8	CDV	August	12394	5862	546	0	0
8	CEC	August	7831	7041	501	0	0
8	CHA	August	17763	49050	2612	0	0
8	CHO	August	3827	14512	891	0	0
8	CHS	August	50516	181974	8352	0	0
8	CIC	August	3330	8965	623	0	0
8	CID	August	30535	107522	5422	0	0
8	CLD	August	1173	16544	1216	0	0
8	CLE	August	347851	1313480	56950	0	0
8	CLL	August	3509	33238	1616	0	0
8	CLT	August	844446	2242547	90434	0	0
8	CMH	August	189588	552002	27866	0	0
8	CMI	August	11092	34959	1790	0	0
8	CMX	August	442	833	39	0	0
8	COD	August	-2204	12058	770	0	0
8	COS	August	53563	260873	11221	0	0
8	CPR	August	2928	26773	1715	0	0
8	CRP	August	32993	92656	5183	0	0
8	CRW	August	18515	51495	2316	0	0
8	CSG	August	9998	17515	823	0	0
8	CVG	August	591620	2209931	88467	0	0
8	CWA	August	3301	10351	546	0	0
8	DAB	August	32822	49361	2073	0	0
8	DAL	August	270844	460206	36171	0	0
8	DAY	August	59525	220574	10023	0	0
8	DBQ	August	2928	15291	856	0	0
8	DCA	August	388061	1606098	66423	0	0
8	DEN	August	1460118	3087275	143222	0	0
8	DFW	August	2342698	5715246	231058	0	0
8	DHN	August	13337	16813	884	0	0
8	DLG	August	4144	3209	311	0	0
8	DLH	August	5671	23355	1206	0	0
8	DRO	August	527	24326	1331	0	0
8	DSM	August	54508	180947	8747	0	0
8	DTW	August	1078629	2915500	114319	0	0
8	DUT	August	3334	1940	220	0	0
8	EFD	August	-945	4434	255	0	0
8	EGE	August	-49	16239	703	0	0
8	EKO	August	-1867	13386	1057	0	0
8	ELM	August	138	8536	450	0	0
8	ELP	August	73757	270218	16724	0	0
8	ERI	August	1140	14028	730	0	0
8	EUG	August	13565	50533	3464	0	0
8	EVV	August	14321	59426	2775	0	0
8	EWN	August	3095	3002	143	0	0
8	EWR	August	1634270	4143008	107756	0	0
8	EYW	August	6580	15640	715	0	0
8	FAI	August	32209	77893	4990	0	0
8	FAR	August	7185	55086	2892	0	0
8	FAT	August	31548	139179	8188	0	0
8	FAY	August	17658	24124	1066	0	0
8	FCA	August	6410	42203	2261	0	0
8	FLG	August	4381	9778	488	0	0
8	FLL	August	374867	1051637	43904	0	0
8	FLO	August	4844	8283	418	0	0
8	FNT	August	16726	70812	3460	0	0
8	FSD	August	9665	68408	3515	0	0
8	FSM	August	5456	33757	1611	0	0
8	FWA	August	16886	72239	3391	0	0
8	GCC	August	565	2847	149	0	0
8	GEG	August	52847	178875	11238	0	0
8	GFK	August	1378	11808	700	0	0
8	GGG	August	943	18135	836	0	0
8	GJT	August	8134	36567	2242	0	0
8	GNV	August	16018	22437	1049	0	0
8	GPT	August	28525	79719	3697	0	0
8	GRB	August	22060	86892	4532	0	0
8	GRK	August	16291	45087	2135	0	0
8	GRR	August	51155	224463	10400	0	0
8	GSO	August	80506	285724	11573	0	0
8	GSP	August	43195	178967	8070	0	0
8	GST	August	1399	3318	267	0	0
8	GTF	August	-1980	32253	1996	0	0
8	GTR	August	6557	11165	560	0	0
8	GUC	August	521	6018	328	0	0
8	HDN	August	-78	11326	546	0	0
8	HHH	August	3759	4372	193	0	0
8	HKY	August	1191	1956	90	0	0
8	HLN	August	-2631	21005	1328	0	0
8	HNL	August	10629	567302	30310	0	0
8	HOU	August	371429	581673	43222	0	0
8	HPN	August	67594	160633	5881	0	0
8	HRL	August	19609	48632	3873	0	0
8	HSV	August	37234	134830	6145	0	0
8	HTS	August	412	5946	368	0	0
8	HVN	August	1545	2580	175	0	0
8	IAD	August	678252	1759084	67722	0	0
8	IAH	August	940660	3700692	136920	0	0
8	ICT	August	48204	168548	7577	0	0
8	IDA	August	-2348	26671	1679	0	0
8	ILE	August	1809	20489	887	0	0
8	ILG	August	2394	2447	98	0	0
8	ILM	August	19030	48001	2412	0	0
8	IND	August	172020	662320	30482	0	0
8	INL	August	930	1386	58	0	0
8	IPL	August	398	6491	448	0	0
8	ISO	August	2080	2634	116	0	0
8	ISP	August	50089	131144	8730	0	0
8	ITH	August	373	4277	251	0	0
8	ITO	August	-4760	37607	3228	0	0
8	IYK	August	-1762	9352	511	0	0
8	JAC	August	18593	64579	2973	0	0
8	JAN	August	46097	143211	7878	0	0
8	JAX	August	145551	435288	22136	0	0
8	JFK	August	1166888	2779792	69117	0	0
8	JNU	August	63134	85792	4940	0	0
8	KOA	August	7013	90324	6453	0	0
8	KTN	August	24036	37943	2365	0	0
8	LAN	August	5438	58352	3094	0	0
8	LAS	August	1019348	2735435	120367	0	0
8	LAW	August	2905	34535	1552	0	0
8	LAX	August	1142253	3774137	174488	0	0
8	LBB	August	38343	97010	6408	0	0
8	LCH	August	3820	14909	676	0	0
8	LEX	August	25811	115146	5505	0	0
8	LFT	August	16683	58941	2510	0	0
8	LGA	August	1055834	3133511	86450	0	0
8	LGB	August	33322	169916	7682	0	0
8	LIH	August	-359	71946	6532	0	0
8	LIT	August	81836	234012	12349	0	0
8	LMT	August	1906	884	61	0	0
8	LNK	August	12804	32639	1600	0	0
8	LNY	August	-61	90	12	0	0
8	LRD	August	8751	29342	1447	0	0
8	LSE	August	6458	23129	1233	0	0
8	LWB	August	1530	4038	211	0	0
8	LWS	August	-60	4254	238	0	0
8	LYH	August	3888	8638	471	0	0
8	MAF	August	35506	81115	5618	0	0
8	MBS	August	9750	50500	2376	0	0
8	MCI	August	228605	843395	46176	0	0
8	MCN	August	8910	12813	610	0	0
8	MCO	August	668726	1754414	82738	0	0
8	MDT	August	32143	126802	5909	0	0
8	MDW	August	526053	1169098	61584	0	0
8	MEI	August	4955	10441	462	0	0
8	MEM	August	282207	1047648	44308	0	0
8	MFE	August	15308	57023	2834	0	0
8	MFR	August	17268	47081	3289	0	0
8	MGM	August	26455	42609	1871	0	0
8	MHT	August	112435	299317	15102	0	0
8	MIA	August	657173	1284396	48717	0	0
8	MKE	August	115380	404644	18202	0	0
8	MKG	August	-397	903	77	0	0
8	MKK	August	-59	96	12	0	0
8	MLB	August	13362	37273	1606	0	0
8	MLI	August	24406	76185	3677	0	0
8	MLU	August	11739	36774	1739	0	0
8	MOB	August	21894	75387	3537	0	0
8	MOD	August	10453	15520	1006	0	0
8	MOT	August	995	13131	825	0	0
8	MQT	August	2439	8110	525	0	0
8	MRY	August	22515	72644	4355	0	0
8	MSN	August	45722	149378	6930	0	0
8	MSO	August	2550	48292	2784	0	0
8	MSP	August	1012405	2966122	112075	0	0
8	MSY	August	171313	598292	34579	0	0
8	MTJ	August	2885	23757	1332	0	0
8	MYR	August	42614	89428	4575	0	0
8	OAJ	August	2149	4087	197	0	0
8	OAK	August	329269	838640	52406	0	0
8	OGD	August	77	14	1	0	0
8	OGG	August	2789	168130	11912	0	0
8	OKC	August	86090	307144	17038	0	0
8	OMA	August	86512	329098	16818	0	0
8	OME	August	13598	8434	785	0	0
8	ONT	August	162666	449088	28285	0	0
8	ORD	August	3624396	7074559	264687	0	0
8	ORF	August	115908	310110	15327	0	0
8	ORH	August	-1132	2353	106	0	0
8	OTH	August	1391	1178	62	0	0
8	OTZ	August	11572	8091	775	0	0
8	OXR	August	-1854	13884	802	0	0
8	PBI	August	117448	357162	17406	0	0
8	PDX	August	263933	829200	45046	0	0
8	PFN	August	26523	46696	1612	0	0
8	PHF	August	40042	68500	3014	0	0
8	PHL	August	1153017	2814352	86090	0	0
8	PHX	August	1124972	3067866	142541	0	0
8	PIA	August	14487	52999	2489	0	0
8	PIE	August	755	9270	428	0	0
8	PIH	August	-2532	13318	933	0	0
8	PIT	August	447425	1174816	52564	0	0
8	PLN	August	-155	3753	151	0	0
8	PMD	August	874	2057	108	0	0
8	PNS	August	39787	126316	6149	0	0
8	PSC	August	-2422	29690	1937	0	0
8	PSE	August	383	5641	244	0	0
8	PSG	August	12832	5359	528	0	0
8	PSP	August	11918	90677	5220	0	0
8	PVD	August	152084	416357	21164	0	0
8	PWM	August	88069	168242	7418	0	0
8	RAP	August	8235	55698	3052	0	0
8	RDD	August	8082	14783	1003	0	0
8	RDM	August	3951	22973	1707	0	0
8	RDR	August	-155	191	16	0	0
8	RDU	August	357336	884336	41552	0	0
8	RFD	August	-227	2604	114	0	0
8	RHI	August	270	1017	55	0	0
8	RIC	August	114662	311513	13863	0	0
8	RKS	August	844	2073	121	0	0
8	RNO	August	116309	333990	20740	0	0
8	ROA	August	14918	47439	2254	0	0
8	ROC	August	110861	264235	12137	0	0
8	ROW	August	422	1559	88	0	0
8	RST	August	11536	37747	1985	0	0
8	RSW	August	58209	270580	12773	0	0
8	SAN	August	367263	1369904	67818	0	0
8	SAT	August	127492	561483	31466	0	0
8	SAV	August	62225	188473	8529	0	0
8	SBA	August	25387	124616	7527	0	0
8	SBN	August	15166	41710	2052	0	0
8	SBP	August	13670	64778	3562	0	0
8	SCC	August	4625	4030	382	0	0
8	SCE	August	793	8228	502	0	0
8	SDF	August	104948	307199	16451	0	0
8	SEA	August	887934	1996018	89839	0	0
8	SFO	August	777873	2403664	101162	0	0
8	SGF	August	32405	108760	5246	0	0
8	SGU	August	-912	22926	1564	0	0
8	SHV	August	31098	106910	5295	0	0
8	SIT	August	5469	22680	1447	0	0
8	SJC	August	252721	959350	49531	0	0
8	SJT	August	4192	27878	1324	0	0
8	SJU	August	147918	472222	19189	0	0
8	SLC	August	453950	2262910	95350	0	0
8	SLE	August	-223	2342	110	0	0
8	SMF	August	209857	601555	37836	0	0
8	SMX	August	-923	17386	976	0	0
8	SNA	August	191514	740981	36224	0	0
8	SOP	August	2607	1221	54	0	0
8	SPI	August	5288	7884	368	0	0
8	SPS	August	3448	38188	1543	0	0
8	SRQ	August	18359	72502	3549	0	0
8	STL	August	408540	1710409	76422	0	0
8	STT	August	14195	45243	2034	0	0
8	STX	August	2714	10259	424	0	0
8	SUN	August	1132	26149	1998	0	0
8	SUX	August	468	2243	113	0	0
8	SWF	August	15363	43953	1918	0	0
8	SYR	August	80440	207203	9660	0	0
8	TLH	August	20499	64000	3151	0	0
8	TOL	August	4993	41300	2286	0	0
8	TPA	August	348461	1033851	52749	0	0
8	TRI	August	12720	28739	1413	0	0
8	TTN	August	703	1922	75	0	0
8	TUL	August	69780	306205	16757	0	0
8	TUP	August	2673	3728	189	0	0
8	TUS	August	59461	285769	15696	0	0
8	TVC	August	30944	70920	3453	0	0
8	TWF	August	-1105	13517	955	0	0
8	TXK	August	-447	18288	900	0	0
8	TYR	August	4004	38407	1729	0	0
8	TYS	August	38277	181803	8044	0	0
8	VCT	August	-460	2257	168	0	0
8	VIS	August	-929	1745	171	0	0
8	VLD	August	7611	10562	595	0	0
8	VPS	August	31015	81633	3896	0	0
8	WRG	August	7842	5479	530	0	0
8	WYS	August	-1785	5463	426	0	0
8	XNA	August	55337	166794	7146	0	0
8	YAK	August	10510	5413	543	0	0
8	YKM	August	778	1897	110	0	0
8	YUM	August	4598	20820	1150	0	0
