6	ABE	June	30984	82818	3582	0	0
6	ABI	June	13104	34428	1710	0	0
6	ABQ	June	199496	488397	28765	0	0
6	ABY	June	6387	12917	654	0	0
6	ACK	June	8533	6633	249	0	0
6	ACT	June	6386	36807	1717	0	0
6	ACV	June	14029	24651	1941	0	0
6	ACY	June	720	7679	326	0	0
6	ADK	June	-349	506	50	0	0
6	ADQ	June	4832	5063	498	0	0
6	AEX	June	19096	32423	1368	0	0
6	AGS	June	22721	35435	1588	0	0
6	AKN	June	3829	3630	367	0	0
6	ALB	June	102487	233324	11706	0	0
6	ALO	June	435	1199	51	0	0
6	AMA	June	53250	79712	5258	0	0
6	ANC	June	191393	357184	19237	0	0
6	APF	June	1023	4426	199	0	0
6	ASE	June	3486	21539	1209	0	0
6	ATL	June	4285760	9602385	265355	0	0
6	ATW	June	13943	37857	1854	0	0
6	AUS	June	277955	631092	33236	0	0
6	AVL	June	32503	57585	2449	0	0
6	AVP	June	18561	41166	1504	0	0
6	AZO	June	10229	45075	2405	0	0
6	BDL	June	235701	545528	25241	0	0
6	BET	June	8365	7936	798	0	0
6	BFL	June	8675	40774	2289	0	0
6	BGM	June	2534	13019	578	0	0
6	BGR	June	29959	55110	2748	0	0
6	BHM	June	136363	280468	15259	0	0
6	BIL	June	4802	61667	3415	0	0
6	BIS	June	2278	27016	1628	0	0
6	BJI	June	367	1051	49	0	0
6	BLI	June	-73	1780	103	0	0
6	BMI	June	18832	38855	1798	0	0
6	BNA	June	374998	752176	42548	0	0
6	BOI	June	53072	180486	11627	0	0
6	BOS	June	1146099	2471390	89636	0	0
6	BPT	June	2967	13618	711	0	0
6	BQK	June	5867	11659	547	0	0
6	BQN	June	3304	11921	585	0	0
6	BRO	June	9628	20337	902	0	0
6	BRW	June	7369	4802	550	0	0
6	BTM	June	-1267	7909	542	0	0
6	BTR	June	75635	115210	5362	0	0
6	BTV	June	49808	106352	4659	0	0
6	BUF	June	157565	354663	17614	0	0
6	BUR	June	127875	350871	21532	0	0
6	BWI	June	1037084	1480953	75882	0	0
6	BZN	June	1702	57372	3041	0	0
6	CAE	June	70707	133437	5876	0	0
6	CAK	June	34802	100298	4319	0	0
6	CDC	June	-44	3593	307	0	0
6	CDV	June	9949	6000	534	0	0
6	CEC	June	5896	6706	494	0	0
6	CHA	June	25334	50471	2518	0	0
6	CHO	June	2126	14884	973	0	0
6	CHS	June	72965	186349	8051	0	0
6	CIC	June	5648	8797	604	0	0
6	CID	June	40150	104422	5305	0	0
6	CLD	June	2408	16471	1190	0	0
6	CLE	June	450583	1249920	55299	0	0
6	CLL	June	8488	31304	1553	0	0
6	CLT	June	1102321	2149254	87488	0	0
6	CMH	June	284602	538582	26976	0	0
6	CMI	June	13586	35075	1744	0	0
6	CMX	June	566	733	33	0	0
6	COD	June	-2595	10951	693	0	0
6	COS	June	83497	244481	10478	0	0
6	CPR	June	2275	23719	1525	0	0
6	CRP	June	60730	94430	5021	0	0
6	CRW	June	23116	49030	2228	0	0
6	CSG	June	7820	14954	803	0	0
6	CVG	June	748977	2282614	85434	0	0
6	CWA	June	7659	10267	500	0	0
6	CYS	June	200	18	1	0	0
6	DAB	June	26956	50239	2093	0	0
6	DAL	June	452371	465136	35201	0	0
6	DAY	June	77134	206085	9403	0	0
6	DBQ	June	5308	15030	822	0	0
6	DCA	June	681068	1590071	63369	0	0
6	DEN	June	1721215	2901002	135898	0	0
6	DFW	June	3371582	5783508	221827	0	0
6	DHN	June	11392	16996	837	0	0
6	DLG	June	5546	2925	305	0	0
6	DLH	June	6213	24191	1244	0	0
6	DRO	June	-175	22967	1264	0	0
6	DSM	June	82374	179977	8526	0	0
6	DTW	June	1433749	2855934	110398	0	0
6	DUT	June	2298	1748	198	0	0
6	EAU	June	-23	95	4	0	0
6	EFD	June	283	4453	238	0	0
6	EGE	June	274	13318	599	0	0
6	EKO	June	-768	13479	1099	0	0
6	ELM	June	673	8557	440	0	0
6	ELP	June	107643	270807	16083	0	0
6	ERI	June	1214	12832	692	0	0
6	EUG	June	14491	48136	3293	0	0
6	EVV	June	24229	61002	2711	0	0
6	EWN	June	2194	2922	139	0	0
6	EWR	June	1790793	3850514	101767	0	0
6	EYW	June	13498	18350	812	0	0
6	FAI	June	38337	70704	4617	0	0
6	FAR	June	11783	54428	2785	0	0
6	FAT	June	32845	132995	7956	0	0
6	FAY	June	14758	22673	1055	0	0
6	FCA	June	2132	35782	2041	0	0
6	FLG	June	3850	9063	466	0	0
6	FLL	June	503759	1074458	43285	0	0
6	FLO	June	5752	7948	413	0	0
6	FNT	June	21956	73979	3466	0	0
6	FSD	June	16896	65267	3332	0	0
6	FSM	June	13439	32244	1553	0	0
6	FWA	June	22364	73220	3346	0	0
6	GCC	June	1329	1747	87	0	0
6	GEG	June	31971	165383	10793	0	0
6	GFK	June	3995	11060	662	0	0
6	GGG	June	2152	17224	810	0	0
6	GJT	June	9146	35299	2147	0	0
6	GNV	June	14730	22325	1038	0	0
6	GPT	June	44682	79432	3568	0	0
6	GRB	June	27270	84701	4263	0	0
6	GRK	June	18074	35303	1714	0	0
6	GRR	June	70347	218405	9957	0	0
6	GSO	June	96400	261044	10935	0	0
6	GSP	June	54729	175327	7706	0	0
6	GST	June	1687	2718	212	0	0
6	GTF	June	-2309	31120	2011	0	0
6	GTR	June	8068	11703	586	0	0
6	GUC	June	-143	4853	261	0	0
6	HDN	June	286	9767	471	0	0
6	HHH	June	2791	4623	190	0	0
6	HKY	June	-321	925	59	0	0
6	HLN	June	-1907	20921	1265	0	0
6	HNL	June	90664	532195	28374	0	0
6	HOU	June	561619	566878	41717	0	0
6	HPN	June	76642	154185	5582	0	0
6	HRL	June	38100	48751	3771	0	0
6	HSV	June	52715	140106	5859	0	0
6	HTS	June	521	6077	365	0	0
6	HVN	June	1358	3067	165	0	0
6	IAD	June	1057051	1695009	61478	0	0
6	IAH	June	1665617	3693702	132079	0	0
6	ICT	June	79986	165014	7356	0	0
6	IDA	June	-1868	25641	1634	0	0
6	ILE	June	5831	26164	1204	0	0
6	ILG	June	1352	1475	58	0	0
6	ILM	June	19220	48975	2399	0	0
6	IND	June	269328	643656	29508	0	0
6	INL	June	269	1199	69	0	0
6	IPL	June	-1275	6743	488	0	0
6	ISO	June	1687	4208	146	0	0
6	ISP	June	51002	127832	8266	0	0
6	ITH	June	101	3553	222	0	0
6	ITO	June	2555	34120	2934	0	0
6	IYK	June	-953	8656	498	0	0
6	JAC	June	4716	49992	2569	0	0
6	JAN	June	78876	143748	7711	0	0
6	JAX	June	212855	433884	21535	0	0
6	JFK	June	1135257	2577402	63233	0	0
6	JNU	June	49673	73638	4402	0	0
6	KOA	June	26859	81252	5931	0	0
6	KTN	June	17177	33279	2184	0	0
6	LAN	June	10503	53845	2719	0	0
6	LAS	June	1073996	2577076	116569	0	0
6	LAW	June	5661	33402	1530	0	0
6	LAX	June	1101507	3503881	166241	0	0
6	LBB	June	61349	93592	6226	0	0
6	LCH	June	6862	15523	664	0	0
6	LEX	June	51028	115579	5470	0	0
6	LFT	June	27859	61786	2477	0	0
6	LGA	June	1140993	2990954	81884	0	0
6	LGB	June	34332	161234	7358	0	0
6	LIH	June	2961	66029	6131	0	0
6	LIT	June	135639	221840	11985	0	0
6	LNK	June	17517	35330	1791	0	0
6	LNY	June	-150	255	30	0	0
6	LRD	June	15962	29893	1454	0	0
6	LSE	June	11204	22957	1183	0	0
6	LWB	June	2849	4019	205	0	0
6	LWS	June	109	3922	233	0	0
6	LYH	June	1919	8683	463	0	0
6	MAF	June	51226	78785	5418	0	0
6	MBS	June	15499	50021	2390	0	0
6	MCI	June	401900	831014	44793	0	0
6	MCN	June	7796	12796	601	0	0
6	MCO	June	906639	1758616	80722	0	0
6	MDT	June	50524	123192	5851	0	0
6	MDW	June	743773	1151161	59254	0	0
6	MEI	June	5734	11957	470	0	0
6	MEM	June	405462	1008846	42868	0	0
6	MFE	June	25903	55052	2732	0	0
6	MFR	June	19531	44065	3156	0	0
6	MGM	June	27589	40094	1867	0	0
6	MHT	June	133033	281064	14371	0	0
6	MIA	June	758340	1289260	47685	0	0
6	MKE	June	180228	392320	17335	0	0
6	MKG	June	514	977	75	0	0
6	MKK	June	-255	224	30	0	0
6	MLB	June	14144	32651	1474	0	0
6	MLI	June	30993	71510	3459	0	0
6	MLU	June	19374	31581	1618	0	0
6	MOB	June	36976	74251	3393	0	0
6	MOD	June	9777	16531	1042	0	0
6	MOT	June	3005	12847	797	0	0
6	MQT	June	2537	7015	465	0	0
6	MRY	June	18999	68977	4243	0	0
6	MSN	June	56614	146249	6660	0	0
6	MSO	June	5280	44647	2664	0	0
6	MSP	June	1216481	2873104	108197	0	0
6	MSY	June	323454	605461	33978	0	0
6	MTH	June	341	194	7	0	0
6	MTJ	June	2054	22448	1227	0	0
6	MYR	June	37197	95169	4437	0	0
6	OAJ	June	3238	4389	189	0	0
6	OAK	June	314423	786114	50036	0	0
6	OGD	June	165	15	1	0	0
6	OGG	June	24807	153482	11038	0	0
6	OKC	June	157686	307745	16744	0	0
6	OMA	June	160515	324659	16423	0	0
6	OME	June	9252	7612	740	0	0
6	ONT	June	152175	428409	27251	0	0
6	ORD	June	4481046	7005691	254911	0	0
6	ORF	June	161253	301222	14636	0	0
6	ORH	June	-236	2215	106	0	0
6	OTZ	June	7639	7065	698	0	0
6	OXR	June	-1726	13190	786	0	0
6	PBI	June	151694	361555	17321	0	0
6	PDX	June	238150	769206	42906	0	0
6	PFN	June	25906	34647	1610	0	0
6	PHF	June	34424	67565	2936	0	0
6	PHL	June	1525418	2746571	82026	0	0
6	PHX	June	1090959	2844349	138244	0	0
6	PIA	June	20415	53787	2390	0	0
6	PIE	June	2834	9106	437	0	0
6	PIH	June	-1666	13750	897	0	0
6	PIT	June	531827	1112900	50539	0	0
6	PLN	June	-230	4342	171	0	0
6	PMD	June	438	1543	100	0	0
6	PNS	June	62858	119449	5941	0	0
6	PSC	June	-1874	28604	1839	0	0
6	PSE	June	1147	4850	221	0	0
6	PSG	June	9824	5329	528	0	0
6	PSP	June	22547	95684	5511	0	0
6	PUB	June	58	14	1	0	0
6	PVD	June	185692	396838	20191	0	0
6	PVU	June	0	17	1	0	0
6	PWM	June	74055	145042	6546	0	0
6	RAP	June	13256	50899	2799	0	0
6	RDD	June	8738	13703	975	0	0
6	RDM	June	1286	21710	1640	0	0
6	RDU	June	460386	860088	39552	0	0
6	RFD	June	-336	2410	120	0	0
6	RHI	June	478	1022	55	0	0
6	RIC	June	150498	297519	13087	0	0
6	RKS	June	577	1119	59	0	0
6	RNO	June	107557	329135	20528	0	0
6	ROA	June	17781	48008	2244	0	0
6	ROC	June	107252	241706	11370	0	0
6	ROW	June	623	1481	84	0	0
6	RST	June	12239	35529	1859	0	0
6	RSW	June	101148	278847	13020	0	0
6	SAN	June	375000	1276353	64932	0	0
6	SAT	June	271261	550662	30255	0	0
6	SAV	June	86696	184132	8099	0	0
6	SBA	June	23938	116338	7173	0	0
6	SBN	June	19102	44596	2209	0	0
6	SBP	June	15653	60907	3443	0	0
6	SCC	June	155	3571	365	0	0
6	SCE	June	-789	7573	461	0	0
6	SDF	June	176752	301282	15863	0	0
6	SEA	June	806506	1819212	84699	0	0
6	SFO	June	936549	2348578	96694	0	0
6	SGF	June	59372	108203	5076	0	0
6	SGU	June	-489	22819	1621	0	0
6	SHV	June	43913	106931	5275	0	0
6	SIT	June	9273	19020	1276	0	0
6	SJC	June	251569	899324	47139	0	0
6	SJT	June	7996	27186	1349	0	0
6	SJU	June	133861	456021	18778	0	0
6	SLC	June	456601	2117880	91491	0	0
6	SLE	June	-146	1780	96	0	0
6	SMF	June	248875	578754	36555	0	0
6	SMX	June	-1730	16577	957	0	0
6	SNA	June	203867	708092	34813	0	0
6	SOP	June	1900	845	34	0	0
6	SPI	June	7040	7994	358	0	0
6	SPS	June	6397	34474	1456	0	0
6	SRQ	June	21412	76498	3642	0	0
6	STL	June	813850	1705208	74364	0	0
6	STT	June	12171	47380	2126	0	0
6	STX	June	4515	10386	431	0	0
6	SUN	June	-3190	24037	1827	0	0
6	SUX	June	-523	1526	91	0	0
6	SWF	June	17461	45189	1880	0	0
6	SYR	June	79018	197627	8964	0	0
6	TLH	June	29800	63471	3000	0	0
6	TOL	June	5006	38942	2221	0	0
6	TPA	June	536853	1045054	51808	0	0
6	TRI	June	9985	24619	1288	0	0
6	TTN	June	520	1687	74	0	0
6	TUL	June	154254	313667	16577	0	0
6	TUP	June	2647	3560	190	0	0
6	TUS	June	79686	287621	15359	0	0
6	TVC	June	26838	57590	2822	0	0
6	TWF	June	-1299	12726	922	0	0
6	TXK	June	3963	16669	847	0	0
6	TYR	June	5496	34971	1590	0	0
6	TYS	June	68586	178464	7660	0	0
6	VCT	June	667	3511	208	0	0
6	VIS	June	-1053	1621	168	0	0
6	VLD	June	7404	11184	549	0	0
6	VPS	June	54712	79782	3603	0	0
6	WRG	June	6367	5266	526	0	0
6	WYS	June	-884	4212	318	0	0
6	XNA	June	97934	169335	7321	0	0
6	YAK	June	8298	5286	533	0	0
6	YKM	June	173	1094	76	0	0
6	YUM	June	3746	20764	1180	0	0
