10	ABE	October	5338	78271	3798	0	0
10	ABI	October	87	31975	1792	0	0
10	ABQ	October	97227	463099	28923	0	0
10	ABY	October	7250	14218	663	0	0
10	ACT	October	-1317	34541	1711	0	0
10	ACV	October	18881	24443	1839	0	0
10	ACY	October	356	6307	266	0	0
10	ADK	October	1027	435	46	0	0
10	ADQ	October	3349	6606	502	0	0
10	AEX	October	11083	31420	1393	0	0
10	AGS	October	13995	33885	1598	0	0
10	AKN	October	2906	1494	168	0	0
10	ALB	October	43213	229932	11739	0	0
10	ALO	October	2	1302	52	0	0
10	AMA	October	21641	81890	5494	0	0
10	ANC	October	59328	236106	13396	0	0
10	APF	October	670	2504	124	0	0
10	ASE	October	2452	13649	760	0	0
10	ATL	October	2191508	8229498	266445	0	0
10	ATW	October	8915	42423	1888	0	0
10	AUS	October	105173	605861	33244	0	0
10	AVL	October	26492	52719	2366	0	0
10	AVP	October	8147	30624	1490	0	0
10	AZO	October	449	47837	2501	0	0
10	BDL	October	46929	507571	25025	0	0
10	BET	October	8515	9193	845	0	0
10	BFL	October	4919	36819	2121	0	0
10	BGM	October	817	11201	506	0	0
10	BGR	October	14641	55022	2749	0	0
10	BHM	October	63464	283184	15616	0	0
10	BIL	October	-1849	52559	3024	0	0
10	BIS	October	624	26440	1511	0	0
10	BJI	October	351	505	22	0	0
10	BLI	October	-486	1516	91	0	0
10	BMI	October	16144	41664	1930	0	0
10	BNA	October	124640	756186	43453	0	0
10	BOI	October	31211	172208	11320	0	0
10	BOS	October	366109	2292202	89755	0	0
10	BPT	October	-2061	10992	613	0	0
10	BQK	October	6074	11438	544	0	0
10	BQN	October	-1822	8635	443	0	0
10	BRO	October	2625	20888	927	0	0
10	BRW	October	5211	4768	555	0	0
10	BTM	October	-1456	8327	526	0	0
10	BTR	October	50366	121220	5666	0	0
10	BTV	October	31584	99117	4514	0	0
10	BUF	October	78406	354433	17692	0	0
10	BUR	October	128854	352431	21782	0	0
10	BWI	October	235811	1341189	76818	0	0
10	BZN	October	-2426	50696	2684	0	0
10	CAE	October	41135	132722	6146	0	0
10	CAK	October	28779	94307	4550	0	0
10	CDC	October	-799	3726	295	0	0
10	CDV	October	2325	5769	545	0	0
10	CEC	October	6811	6945	489	0	0
10	CHA	October	13561	49189	2548	0	0
10	CHO	October	3140	15805	959	0	0
10	CHS	October	36841	184342	8620	0	0
10	CIC	October	6269	9438	615	0	0
10	CID	October	8554	105350	5390	0	0
10	CLD	October	5141	16813	1177	0	0
10	CLE	October	117083	1176221	53162	0	0
10	CLL	October	-1381	32688	1636	0	0
10	CLT	October	321510	2135079	88051	0	0
10	CMH	October	102653	536133	27255	0	0
10	CMI	October	5156	34154	1730	0	0
10	CMX	October	-431	1245	55	0	0
10	COD	October	-627	7779	455	0	0
10	COS	October	23624	227371	9744	0	0
10	CPR	October	6019	27192	1617	0	0
10	CRP	October	28234	88154	5055	0	0
10	CRW	October	8309	46605	2497	0	0
10	CSG	October	6124	16850	854	0	0
10	CVG	October	266936	2081065	83835	0	0
10	CWA	October	3592	11070	527	0	0
10	DAB	October	22028	47665	1915	0	0
10	DAL	October	264897	451092	35979	0	0
10	DAY	October	29159	222355	10218	0	0
10	DBQ	October	1961	16469	870	0	0
10	DCA	October	147113	1418891	61811	0	0
10	DEN	October	549627	2752270	132039	0	0
10	DFW	October	987348	5278244	222081	0	0
10	DHN	October	8077	18234	869	0	0
10	DLG	October	749	1238	134	0	0
10	DLH	October	1144	21577	1118	0	0
10	DRO	October	1967	20339	1110	0	0
10	DSM	October	25930	180113	8702	0	0
10	DTW	October	600465	2723299	108949	0	0
10	DUT	October	3228	1618	184	0	0
10	EFD	October	198	2206	132	0	0
10	EGE	October	1727	8467	398	0	0
10	EKO	October	-1387	13663	1035	0	0
10	ELM	October	-1208	6313	316	0	0
10	ELP	October	53861	256863	16120	0	0
10	ERI	October	-2077	12943	714	0	0
10	EUG	October	17900	48858	3218	0	0
10	EVV	October	8028	56046	2791	0	0
10	EWN	October	2556	2924	144	0	0
10	EWR	October	705129	3308035	102534	0	0
10	EYW	October	6195	12162	623	0	0
10	FAI	October	13218	56851	3549	0	0
10	FAR	October	4912	49670	2538	0	0
10	FAT	October	27466	125795	7566	0	0
10	FAY	October	13714	22092	1112	0	0
10	FCA	October	-922	30488	1752	0	0
10	FLG	October	1660	9996	458	0	0
10	FLL	October	135967	938396	42341	0	0
10	FLO	October	3568	7859	400	0	0
10	FMN	October	193	20	1	0	0
10	FNT	October	12269	74911	3568	0	0
10	FSD	October	14493	69121	3505	0	0
10	FSM	October	-997	31491	1591	0	0
10	FWA	October	11515	67358	3251	0	0
10	GCC	October	2993	2631	124	0	0
10	GEG	October	25905	161120	10397	0	0
10	GFK	October	-877	10417	616	0	0
10	GGG	October	-857	15619	756	0	0
10	GJT	October	6613	34581	2167	0	0
10	GNV	October	10330	19211	962	0	0
10	GPT	October	25879	71605	3417	0	0
10	GRB	October	9619	79867	4158	0	0
10	GRK	October	7288	36475	1833	0	0
10	GRR	October	19018	218407	10319	0	0
10	GSO	October	65374	260317	11080	0	0
10	GSP	October	21926	175044	7714	0	0
10	GTF	October	-8130	35023	2247	0	0
10	GTR	October	4656	10845	556	0	0
10	GUC	October	129	3296	186	0	0
10	HDN	October	786	8309	412	0	0
10	HHH	October	4454	3812	168	0	0
10	HKY	October	307	1498	89	0	0
10	HLN	October	-3278	21085	1147	0	0
10	HNL	October	51386	506116	27182	0	0
10	HOU	October	285815	574949	42647	0	0
10	HPN	October	28314	151400	5904	0	0
10	HRL	October	15947	45324	3759	0	0
10	HSV	October	28856	131234	6012	0	0
10	HTS	October	-2211	6026	427	0	0
10	HVN	October	-663	5143	179	0	0
10	IAD	October	338489	1637623	66314	0	0
10	IAH	October	548589	3409930	130164	0	0
10	ICT	October	27785	161148	7530	0	0
10	IDA	October	-736	25947	1590	0	0
10	ILE	October	-86	19395	893	0	0
10	ILG	October	1857	1431	54	0	0
10	ILM	October	10271	44486	2370	0	0
10	IND	October	77749	622278	29424	0	0
10	INL	October	246	549	26	0	0
10	IPL	October	2971	6490	461	0	0
10	ISO	October	1268	2941	139	0	0
10	ISP	October	-17087	120548	8695	0	0
10	ITH	October	1140	2934	149	0	0
10	ITO	October	1671	35871	2967	0	0
10	IYK	October	-1229	8779	486	0	0
10	JAC	October	1407	22675	1262	0	0
10	JAN	October	23310	141423	7964	0	0
10	JAX	October	80495	412879	21501	0	0
10	JFK	October	361937	2312000	64296	0	0
10	JNU	October	25639	46837	2898	0	0
10	KOA	October	15116	76580	5488	0	0
10	KTN	October	10005	24391	1610	0	0
10	LAN	October	3043	58926	3051	0	0
10	LAS	October	708443	2632840	119550	0	0
10	LAW	October	-1271	29715	1396	0	0
10	LAX	October	641639	3383890	162286	0	0
10	LBB	October	22953	90758	6360	0	0
10	LCH	October	2808	12475	536	0	0
10	LEX	October	24365	114397	5273	0	0
10	LFT	October	16597	58180	2540	0	0
10	LGA	October	309400	2735900	84932	0	0
10	LGB	October	-10413	150037	7093	0	0
10	LIH	October	6278	64059	5674	0	0
10	LIT	October	53041	218831	11936	0	0
10	LMT	October	165	1799	101	0	0
10	LNK	October	5955	27638	1394	0	0
10	LRD	October	3180	29443	1500	0	0
10	LSE	October	493	23804	1275	0	0
10	LWB	October	2376	5470	207	0	0
10	LWS	October	-675	4182	247	0	0
10	LYH	October	3009	8899	469	0	0
10	MAF	October	25403	79205	5617	0	0
10	MBS	October	-1523	48345	2322	0	0
10	MCI	October	111288	797629	44865	0	0
10	MCN	October	6030	12118	554	0	0
10	MCO	October	198923	1581160	78756	0	0
10	MDT	October	20284	117164	5661	0	0
10	MDW	October	202205	1071315	60777	0	0
10	MEI	October	6240	11998	485	0	0
10	MEM	October	166342	976781	41838	0	0
10	MFE	October	9417	54103	2739	0	0
10	MFR	October	16485	41769	2960	0	0
10	MGM	October	20479	44906	1945	0	0
10	MHT	October	44020	281494	14817	0	0
10	MIA	October	232195	1097327	44842	0	0
10	MIB	October	-49	165	11	0	0
10	MKE	October	50152	374679	17362	0	0
10	MLB	October	8972	34726	1542	0	0
10	MLI	October	19459	79307	3651	0	0
10	MLU	October	7242	32808	1648	0	0
10	MOB	October	19117	69106	3325	0	0
10	MOD	October	12520	15388	947	0	0
10	MOT	October	-411	13926	816	0	0
10	MQT	October	1190	7533	479	0	0
10	MRY	October	21109	67987	4068	0	0
10	MSN	October	28679	148926	6910	0	0
10	MSO	October	-3406	40649	2416	0	0
10	MSP	October	385211	2512001	102031	0	0
10	MSY	October	138503	544584	31896	0	0
10	MTJ	October	-420	15424	921	0	0
10	MYR	October	21789	80504	4162	0	0
10	OAJ	October	1164	4388	210	0	0
10	OAK	October	232614	792225	50797	0	0
10	OGG	October	13049	135327	9869	0	0
10	OKC	October	49410	295882	16808	0	0
10	OMA	October	41486	309976	16516	0	0
10	OME	October	7315	7867	804	0	0
10	ONT	October	138780	427050	26886	0	0
10	ORD	October	1501826	6264672	259512	0	0
10	ORF	October	48939	293130	14859	0	0
10	ORH	October	40	1068	57	0	0
10	OTH	October	1958	1816	101	0	0
10	OTZ	October	7643	7650	800	0	0
10	OXR	October	738	13744	760	0	0
10	PBI	October	41716	339581	16972	0	0
10	PDX	October	78380	706726	41681	0	0
10	PFN	October	17096	33029	1637	0	0
10	PHF	October	21954	60486	2866	0	0
10	PHL	October	499232	2330598	83880	0	0
10	PHX	October	700453	2906680	139407	0	0
10	PIA	October	10505	58465	2670	0	0
10	PIE	October	-424	7230	388	0	0
10	PIH	October	-3179	13080	910	0	0
10	PIT	October	172611	1059233	49183	0	0
10	PLN	October	-123	1519	58	0	0
10	PMD	October	1745	2804	150	0	0
10	PNS	October	23935	115888	5744	0	0
10	PSC	October	-136	27629	1756	0	0
10	PSE	October	-2093	4590	220	0	0
10	PSG	October	4257	5525	528	0	0
10	PSP	October	26956	119913	6688	0	0
10	PVD	October	30898	387302	21063	0	0
10	PWM	October	42644	131297	6128	0	0
10	RAP	October	643	42589	2464	0	0
10	RDD	October	7524	13998	955	0	0
10	RDM	October	7664	22141	1546	0	0
10	RDU	October	187089	856570	41218	0	0
10	RFD	October	-286	2547	119	0	0
10	RHI	October	266	966	49	0	0
10	RIC	October	66411	295208	13433	0	0
10	RKS	October	1374	2357	118	0	0
10	RNO	October	88790	304936	19719	0	0
10	ROA	October	18241	45573	2050	0	0
10	ROC	October	61265	248077	11206	0	0
10	ROW	October	789	2422	151	0	0
10	RST	October	3290	34836	1848	0	0
10	RSW	October	26039	266872	13145	0	0
10	SAN	October	242676	1246939	64016	0	0
10	SAT	October	101125	533371	30860	0	0
10	SAV	October	52150	187689	8210	0	0
10	SBA	October	24674	117853	7239	0	0
10	SBN	October	5844	42778	2152	0	0
10	SBP	October	15479	62172	3418	0	0
10	SCC	October	-484	3721	368	0	0
10	SCE	October	-782	8895	512	0	0
10	SDF	October	69699	297260	16086	0	0
10	SEA	October	305187	1657342	78420	0	0
10	SFO	October	540681	2162788	94404	0	0
10	SGF	October	26651	105665	5113	0	0
10	SGU	October	1363	24380	1629	0	0
10	SHV	October	13163	103811	5255	0	0
10	SIT	October	7267	11121	807	0	0
10	SJC	October	175102	880096	47525	0	0
10	SJT	October	-3391	24288	1302	0	0
10	SJU	October	30331	331118	14618	0	0
10	SLC	October	104693	1992830	89061	0	0
10	SLE	October	-554	1523	75	0	0
10	SMF	October	190462	557496	36206	0	0
10	SMX	October	1295	17444	953	0	0
10	SNA	October	145071	723929	35435	0	0
10	SOP	October	1088	1184	46	0	0
10	SPI	October	5931	7337	331	0	0
10	SPS	October	479	31201	1330	0	0
10	SRQ	October	10769	71706	3449	0	0
10	STL	October	229879	1558795	73766	0	0
10	STT	October	1196	27468	1361	0	0
10	STX	October	-389	7321	349	0	0
10	SUN	October	-4756	17508	1363	0	0
10	SUX	October	-45	2032	111	0	0
10	SWF	October	10093	39405	1787	0	0
10	SYR	October	33255	191993	8902	0	0
10	TLH	October	15001	61449	2741	0	0
10	TOL	October	4105	36727	2023	0	0
10	TPA	October	76820	934496	51549	0	0
10	TRI	October	7639	25883	1339	0	0
10	TUL	October	56120	296549	16536	0	0
10	TUP	October	1449	3532	181	0	0
10	TUS	October	33680	279109	15643	0	0
10	TVC	October	10067	44095	2155	0	0
10	TWF	October	-1509	12797	940	0	0
10	TXK	October	-1174	18439	959	0	0
10	TYR	October	-1712	35296	1707	0	0
10	TYS	October	20018	171644	7882	0	0
10	VCT	October	39	2314	174	0	0
10	VIS	October	-811	984	113	0	0
10	VLD	October	6945	11579	614	0	0
10	VPS	October	22532	83977	3843	0	0
10	WRG	October	2574	5454	530	0	0
10	XNA	October	48986	162174	7261	0	0
10	YAK	October	1134	5474	537	0	0
10	YKM	October	610	1107	62	0	0
10	YUM	October	7110	20697	1115	0	0
