12	ABE	December	34451	80307	2987	0	0
12	ABI	December	7748	35072	1782	0	0
12	ABQ	December	215758	460014	27403	0	0
12	ABY	December	6016	11585	629	0	0
12	ACT	December	-914	34142	1646	0	0
12	ACV	December	38235	25924	1797	0	0
12	ACY	December	2658	5721	257	0	0
12	ADK	December	652	410	39	0	0
12	ADQ	December	4676	4683	445	0	0
12	AEX	December	16214	32708	1368	0	0
12	AGS	December	16999	29167	1311	0	0
12	AKN	December	1280	886	97	0	0
12	ALB	December	126360	234444	10734	0	0
12	ALO	December	2734	1107	33	0	0
12	AMA	December	41400	84500	5329	0	0
12	ANC	December	140093	253389	12755	0	0
12	APF	December	2083	5178	239	0	0
12	ASE	December	36697	30383	1236	0	0
12	ATL	December	3187530	8163332	255224	0	0
12	ATW	December	33197	44294	1551	0	0
12	AUS	December	232368	598348	31168	0	0
12	AVL	December	23199	44955	1949	0	0
12	AVP	December	22447	32050	1328	0	0
12	AZO	December	37904	60332	2357	0	0
12	BDL	December	260241	545921	23847	0	0
12	BET	December	11586	9210	827	0	0
12	BFL	December	14731	36030	1971	0	0
12	BGM	December	5215	12182	438	0	0
12	BGR	December	30560	50085	2108	0	0
12	BHM	December	138510	281379	14878	0	0
12	BIL	December	28567	57361	3045	0	0
12	BIS	December	12543	30890	1521	0	0
12	BLI	December	281	1861	88	0	0
12	BMI	December	37782	40473	1714	0	0
12	BNA	December	379381	768896	41540	0	0
12	BOI	December	122896	187187	11050	0	0
12	BOS	December	1068727	2265188	82691	0	0
12	BPT	December	726	9989	580	0	0
12	BQK	December	2710	9599	541	0	0
12	BQN	December	1596	11595	566	0	0
12	BRO	December	7989	21267	910	0	0
12	BRW	December	9129	4572	518	0	0
12	BTM	December	4117	8218	449	0	0
12	BTR	December	71592	119178	5508	0	0
12	BTV	December	85171	106764	4087	0	0
12	BUF	December	229107	374878	16233	0	0
12	BUR	December	223858	339176	20873	0	0
12	BWI	December	696327	1361799	73799	0	0
12	BZN	December	37991	65804	2764	0	0
12	CAE	December	89657	140907	5754	0	0
12	CAK	December	72838	110469	4225	0	0
12	CDC	December	2448	3737	247	0	0
12	CDV	December	5775	6048	509	0	0
12	CEC	December	11373	7122	483	0	0
12	CHA	December	23583	48562	2423	0	0
12	CHO	December	6205	15459	855	0	0
12	CHS	December	80251	174675	7586	0	0
12	CIC	December	11694	9538	577	0	0
12	CID	December	88872	117053	4996	0	0
12	CKB	December	130	9	1	0	0
12	CLD	December	3686	16765	1158	0	0
12	CLE	December	599893	1286411	50462	0	0
12	CLL	December	1273	32026	1594	0	0
12	CLT	December	731359	2045630	84834	0	0
12	CMH	December	303716	575340	25995	0	0
12	CMI	December	30193	39537	1576	0	0
12	CMX	December	1200	1333	43	0	0
12	COD	December	3648	8495	437	0	0
12	COS	December	101286	234924	9233	0	0
12	CPR	December	15721	28144	1504	0	0
12	CRP	December	38683	86440	4776	0	0
12	CRW	December	20514	42303	2130	0	0
12	CSG	December	5242	14262	764	0	0
12	CVG	December	867496	2071209	74035	0	0
12	CWA	December	18179	14402	499	0	0
12	DAB	December	29040	43379	1974	0	0
12	DAL	December	341915	442652	34270	0	0
12	DAY	December	124598	241864	9227	0	0
12	DBQ	December	12795	16913	734	0	0
12	DCA	December	433384	1412734	59771	0	0
12	DEN	December	1729048	2914007	127657	0	0
12	DFW	December	2119854	5215575	214974	0	0
12	DHN	December	8267	15300	794	0	0
12	DLG	December	2001	673	72	0	0
12	DLH	December	10314	21751	961	0	0
12	DRO	December	15217	24774	1076	0	0
12	DSM	December	150606	188104	7870	0	0
12	DTW	December	1750968	2987731	103422	0	0
12	DUT	December	2292	1298	144	0	0
12	EFD	December	453	2364	134	0	0
12	EGE	December	48207	64673	1950	0	0
12	EKO	December	5804	14189	939	0	0
12	ELM	December	7104	8305	322	0	0
12	ELP	December	116024	259771	15875	0	0
12	ERI	December	3879	20946	656	0	0
12	EUG	December	45928	50594	3005	0	0
12	EVV	December	31114	54919	2509	0	0
12	EWN	December	2001	2433	114	0	0
12	EWR	December	1669402	3313841	98628	0	0
12	EYW	December	3465	12294	657	0	0
12	FAI	December	28764	52316	3331	0	0
12	FAR	December	36338	63397	2632	0	0
12	FAT	December	85990	133969	7266	0	0
12	FAY	December	15511	21027	1047	0	0
12	FCA	December	18431	34921	1623	0	0
12	FLG	December	4871	8781	387	0	0
12	FLL	December	485222	1167042	48148	0	0
12	FLO	December	3100	7356	377	0	0
12	FNT	December	55378	94431	3760	0	0
12	FSD	December	58046	81761	3377	0	0
12	FSM	December	9207	33152	1604	0	0
12	FWA	December	52057	75854	3139	0	0
12	GCC	December	2535	2856	112	0	0
12	GEG	December	119868	194808	10169	0	0
12	GFK	December	6334	13621	693	0	0
12	GGG	December	1571	15529	743	0	0
12	GJT	December	30300	39931	2125	0	0
12	GNV	December	9395	18367	973	0	0
12	GPT	December	32117	74021	3513	0	0
12	GRB	December	69047	99111	4058	0	0
12	GRK	December	14356	38677	1863	0	0
12	GRR	December	156765	250019	9553	0	0
12	GSO	December	115038	253821	9729	0	0
12	GSP	December	80283	170116	7084	0	0
12	GTF	December	9907	32163	1877	0	0
12	GTR	December	6591	10069	529	0	0
12	GUC	December	9647	10812	441	0	0
12	HDN	December	30850	40715	1335	0	0
12	HHH	December	1215	1715	78	0	0
12	HKY	December	275	925	47	0	0
12	HLN	December	7572	27399	1092	0	0
12	HNL	December	90589	574304	30716	0	0
12	HOU	December	397269	554234	40857	0	0
12	HPN	December	92446	140014	5282	0	0
12	HRL	December	29404	43089	3534	0	0
12	HSV	December	58908	132926	5643	0	0
12	HTS	December	908	4971	350	0	0
12	HVN	December	449	2525	134	0	0
12	IAD	December	680072	1516593	60774	0	0
12	IAH	December	1171689	3443700	132022	0	0
12	ICT	December	112116	180453	7337	0	0
12	IDA	December	21752	30331	1472	0	0
12	ILE	December	-1843	18017	845	0	0
12	ILG	December	227	1255	52	0	0
12	ILM	December	11567	43551	2056	0	0
12	IND	December	310398	660963	27950	0	0
12	IPL	December	4005	6669	462	0	0
12	ISO	December	716	2345	117	0	0
12	ISP	December	32547	114209	7998	0	0
12	ITH	December	1524	2831	132	0	0
12	ITO	December	5415	41118	3382	0	0
12	IYK	December	-1309	9480	493	0	0
12	JAC	December	48793	47788	1729	0	0
12	JAN	December	70752	147992	7898	0	0
12	JAX	December	192331	434134	21206	0	0
12	JFK	December	1033119	2278847	62728	0	0
12	JNU	December	46559	46154	2516	0	0
12	KOA	December	14470	88179	6374	0	0
12	KTN	December	20457	26539	1558	0	0
12	LAN	December	38317	67919	2759	0	0
12	LAS	December	1100574	2390254	114902	0	0
12	LAW	December	1856	30917	1349	0	0
12	LAX	December	1273978	3375797	158618	0	0
12	LBB	December	47112	92078	6143	0	0
12	LCH	December	4452	15026	606	0	0
12	LEX	December	64581	120874	4816	0	0
12	LFT	December	23759	55138	2383	0	0
12	LGA	December	860636	2485945	78929	0	0
12	LGB	December	54265	151537	7034	0	0
12	LIH	December	1223	75491	6673	0	0
12	LIT	December	124929	220627	11473	0	0
12	LMT	December	3294	2367	111	0	0
12	LNK	December	33400	38495	1596	0	0
12	LNY	December	-163	263	30	0	0
12	LRD	December	9889	30275	1506	0	0
12	LSE	December	18983	27124	1127	0	0
12	LWS	December	3156	4869	234	0	0
12	LYH	December	3587	8212	423	0	0
12	MAF	December	37100	76030	5332	0	0
12	MAZ	December	501	1028	54	0	0
12	MBS	December	30685	52049	2036	0	0
12	MCI	December	432581	843317	42382	0	0
12	MCN	December	7278	11560	532	0	0
12	MCO	December	551160	1677718	81738	0	0
12	MDT	December	58339	117844	5043	0	0
12	MDW	December	733849	1032063	56698	0	0
12	MEI	December	6003	9474	442	0	0
12	MEM	December	510906	1014581	41175	0	0
12	MFE	December	15785	56929	2802	0	0
12	MFR	December	54453	43113	2729	0	0
12	MGM	December	23393	37845	1720	0	0
12	MHT	December	141466	284860	13810	0	0
12	MIA	December	483396	1253341	48443	0	0
12	MKE	December	288369	428474	16610	0	0
12	MKK	December	-288	233	30	0	0
12	MLB	December	15571	36617	1481	0	0
12	MLI	December	69250	77437	3172	0	0
12	MLU	December	14461	33236	1597	0	0
12	MOB	December	39442	68864	3257	0	0
12	MOD	December	18755	15657	908	0	0
12	MOT	December	7592	16885	842	0	0
12	MQT	December	8842	10131	454	0	0
12	MRY	December	32763	68104	3991	0	0
12	MSN	December	111100	172051	6560	0	0
12	MSO	December	25695	47243	2296	0	0
12	MSP	December	1426403	2799516	100095	0	0
12	MSY	December	251699	547113	31798	0	0
12	MTJ	December	19064	30772	1462	0	0
12	MYR	December	13864	63278	3089	0	0
12	OAJ	December	3884	6023	266	0	0
12	OAK	December	483775	812804	48880	0	0
12	OGD	December	413	26	2	0	0
12	OGG	December	26119	164792	11744	0	0
12	OKC	December	174976	310134	15745	0	0
12	OMA	December	205796	347110	15868	0	0
12	OME	December	10760	7769	752	0	0
12	ONT	December	210686	416710	25927	0	0
12	ORD	December	4758663	6147375	241002	0	0
12	ORF	December	160331	282123	13754	0	0
12	ORH	December	609	1122	59	0	0
12	OTH	December	3937	2047	112	0	0
12	OTZ	December	11042	7427	750	0	0
12	OXR	December	296	12905	743	0	0
12	PBI	December	199847	456041	21162	0	0
12	PDX	December	405613	711484	40523	0	0
12	PFN	December	15061	28129	1421	0	0
12	PHF	December	35884	63123	3011	0	0
12	PHL	December	1084829	2261891	80067	0	0
12	PHX	December	1121192	2796689	137264	0	0
12	PIA	December	42691	63805	2432	0	0
12	PIE	December	-861	7713	385	0	0
12	PIH	December	6317	14510	857	0	0
12	PIR	December	264	101	5	0	0
12	PIT	December	528876	1152801	46581	0	0
12	PMD	December	2031	1364	67	0	0
12	PNS	December	53331	109036	5285	0	0
12	PSC	December	21127	32363	1675	0	0
12	PSE	December	15	6112	276	0	0
12	PSG	December	6062	4966	463	0	0
12	PSP	December	58497	152612	8274	0	0
12	PVD	December	165926	386729	19547	0	0
12	PWM	December	82382	126460	5064	0	0
12	RAP	December	16506	43992	2266	0	0
12	RDD	December	19707	14026	905	0	0
12	RDM	December	24288	25701	1559	0	0
12	RDU	December	400589	842987	38881	0	0
12	RFD	December	1878	3367	109	0	0
12	RHI	December	936	927	46	0	0
12	RIC	December	160218	293442	12280	0	0
12	RKS	December	2315	3212	140	0	0
12	RNO	December	222310	320767	19327	0	0
12	ROA	December	28176	46406	1970	0	0
12	ROC	December	167973	264504	10222	0	0
12	ROW	December	2392	2465	145	0	0
12	RST	December	26538	41826	1757	0	0
12	RSW	December	143820	402245	18263	0	0
12	SAN	December	494331	1214841	62075	0	0
12	SAT	December	220308	527594	29364	0	0
12	SAV	December	80983	167066	7016	0	0
12	SBA	December	50240	120279	7113	0	0
12	SBN	December	39377	43234	1782	0	0
12	SBP	December	24233	60668	3229	0	0
12	SCC	December	4067	3600	354	0	0
12	SCE	December	4139	10741	470	0	0
12	SDF	December	178352	309037	14935	0	0
12	SEA	December	945683	1662540	74657	0	0
12	SFO	December	1138587	2105898	90456	0	0
12	SGF	December	82431	112066	4772	0	0
12	SGU	December	12160	24178	1550	0	0
12	SHV	December	37984	101584	4787	0	0
12	SIT	December	8826	12207	787	0	0
12	SJC	December	376979	845558	45379	0	0
12	SJT	December	289	25039	1291	0	0
12	SJU	December	159664	481580	19250	0	0
12	SLC	December	1110037	2240853	85862	0	0
12	SLE	December	-70	1434	60	0	0
12	SMF	December	371413	571697	34780	0	0
12	SMX	December	990	16507	928	0	0
12	SNA	December	306719	728281	34492	0	0
12	SPI	December	13893	11842	461	0	0
12	SPS	December	-1791	28465	1246	0	0
12	SRQ	December	28522	95512	4333	0	0
12	STL	December	699492	1435048	63948	0	0
12	STT	December	21849	63471	2728	0	0
12	STX	December	4936	11675	496	0	0
12	SUN	December	9376	16894	1079	0	0
12	SUX	December	3242	2499	99	0	0
12	SWF	December	22207	41555	1594	0	0
12	SYR	December	131288	243643	8550	0	0
12	TEX	December	2857	2129	77	0	0
12	TLH	December	22718	45007	2162	0	0
12	TOL	December	19744	42576	1836	0	0
12	TPA	December	346770	1053744	55103	0	0
12	TRI	December	10970	25193	1239	0	0
12	TTN	December	265	1215	49	0	0
12	TUL	December	165290	311005	15650	0	0
12	TUP	December	186	3357	178	0	0
12	TUS	December	104518	288407	15573	0	0
12	TVC	December	32893	40839	1445	0	0
12	TWF	December	16976	19849	1196	0	0
12	TXK	December	2623	17930	933	0	0
12	TYR	December	1466	35040	1676	0	0
12	TYS	December	84873	176930	7150	0	0
12	VCT	December	289	2577	168	0	0
12	VIS	December	85	896	90	0	0
12	VLD	December	6396	10405	584	0	0
12	VPS	December	35560	80162	3608	0	0
12	WRG	December	4718	5466	478	0	0
12	XNA	December	101701	161205	6716	0	0
12	YAK	December	5145	5296	490	0	0
12	YKM	December	2076	1388	61	0	0
12	YUM	December	11933	21109	1172	0	0
