2	ABE	February	21124	82725	3395	0	0
2	ABI	February	1925	32162	1684	0	0
2	ABQ	February	93597	408986	25118	0	0
2	ABY	February	6085	16022	611	0	0
2	ACT	February	-881	33211	1618	0	0
2	ACV	February	21414	23272	1752	0	0
2	ACY	February	2237	11442	319	0	0
2	ADK	February	1140	385	37	0	0
2	ADQ	February	2551	4344	417	0	0
2	AEX	February	10401	30317	1407	0	0
2	AGS	February	11333	28175	1330	0	0
2	AKN	February	2443	983	117	0	0
2	ALB	February	66452	213339	10322	0	0
2	ALO	February	728	1041	34	0	0
2	AMA	February	24885	76099	4915	0	0
2	ANC	February	67433	201391	11323	0	0
2	APF	February	3207	6738	305	0	0
2	ASE	February	27248	27611	1233	0	0
2	ATL	February	2482573	7306263	240187	0	0
2	ATW	February	28075	40820	1505	0	0
2	AUS	February	139659	536581	29110	0	0
2	AVL	February	12919	38619	1838	0	0
2	AVP	February	16340	43839	1471	0	0
2	AZO	February	26232	56635	2387	0	0
2	BDL	February	144450	491736	22917	0	0
2	BET	February	6432	8042	748	0	0
2	BFL	February	7374	34973	2069	0	0
2	BGM	February	2379	18501	670	0	0
2	BGR	February	20199	49335	2243	0	0
2	BHM	February	84470	256156	14066	0	0
2	BIL	February	7042	49992	2791	0	0
2	BIS	February	3811	25553	1374	0	0
2	BLI	February	-644	1555	84	0	0
2	BMI	February	25411	37577	1643	0	0
2	BNA	February	238820	706012	39177	0	0
2	BOI	February	59606	154142	10066	0	0
2	BOS	February	763976	2133719	81469	0	0
2	BPT	February	1155	15161	792	0	0
2	BQK	February	4747	8871	492	0	0
2	BQN	February	2043	9274	437	0	0
2	BRO	February	2915	19728	920	0	0
2	BRW	February	5602	4024	486	0	0
2	BTM	February	-215	7727	473	0	0
2	BTR	February	52802	111767	5472	0	0
2	BTV	February	50375	96396	3940	0	0
2	BUF	February	161403	342134	15100	0	0
2	BUR	February	161919	302679	19238	0	0
2	BWI	February	486339	1226706	66852	0	0
2	BZN	February	28648	57886	2679	0	0
2	CAE	February	68854	133091	5780	0	0
2	CAK	February	57333	114876	3948	0	0
2	CDC	February	2070	4890	340	0	0
2	CDV	February	2417	5197	493	0	0
2	CEC	February	7600	6872	504	0	0
2	CHA	February	16849	45494	2306	0	0
2	CHO	February	3081	19362	950	0	0
2	CHS	February	53607	154195	7003	0	0
2	CIC	February	6139	8331	521	0	0
2	CID	February	50579	99436	4608	0	0
2	CLD	February	4614	14380	1047	0	0
2	CLE	February	365884	1247613	49670	0	0
2	CLL	February	4485	34136	1645	0	0
2	CLT	February	526804	1862256	79983	0	0
2	CMH	February	211105	530627	24757	0	0
2	CMI	February	15441	33626	1484	0	0
2	CMX	February	1979	1440	45	0	0
2	COD	February	560	6672	408	0	0
2	COS	February	58146	220000	8862	0	0
2	CPR	February	8109	22884	1367	0	0
2	CRP	February	28493	78496	4485	0	0
2	CRW	February	18353	44220	2172	0	0
2	CSG	February	8008	13836	768	0	0
2	CVG	February	628433	2204886	80347	0	0
2	CWA	February	6939	7543	297	0	0
2	DAB	February	23608	53468	2364	0	0
2	DAL	February	263740	404055	32216	0	0
2	DAY	February	91967	225483	8775	0	0
2	DBQ	February	5695	14523	723	0	0
2	DCA	February	347478	1358199	58734	0	0
2	DEN	February	990807	2476710	115016	0	0
2	DFW	February	1610088	4910384	201292	0	0
2	DHN	February	8888	14762	738	0	0
2	DLG	February	1393	755	84	0	0
2	DLH	February	7368	20231	963	0	0
2	DRO	February	8445	23656	1219	0	0
2	DSM	February	78690	182080	7604	0	0
2	DTW	February	1202761	2767025	100140	0	0
2	DUT	February	2537	1227	127	0	0
2	EAU	February	47	283	10	0	0
2	EFD	February	1015	4527	243	0	0
2	EGE	February	44662	97149	3112	0	0
2	EKO	February	6249	13836	1045	0	0
2	ELM	February	2541	8353	386	0	0
2	ELP	February	61926	239994	14941	0	0
2	ERI	February	3707	15578	646	0	0
2	EUG	February	22026	42537	2802	0	0
2	EVV	February	25245	62018	2612	0	0
2	EWN	February	1005	1386	72	0	0
2	EWR	February	1022829	2923924	92779	0	0
2	EYW	February	14271	18354	919	0	0
2	FAI	February	15858	45281	3086	0	0
2	FAR	February	23008	56837	2545	0	0
2	FAT	February	33119	118384	7106	0	0
2	FAY	February	12049	19172	930	0	0
2	FCA	February	-2151	26282	1529	0	0
2	FLG	February	1023	6985	350	0	0
2	FLL	February	485783	1104960	45531	0	0
2	FLO	February	5180	7471	398	0	0
2	FNT	February	49521	90240	3477	0	0
2	FSD	February	25545	66033	2959	0	0
2	FSM	February	4192	28508	1411	0	0
2	FWA	February	44144	78451	3217	0	0
2	GEG	February	30211	147142	9195	0	0
2	GFK	February	6484	13148	750	0	0
2	GGG	February	-1054	15827	753	0	0
2	GJT	February	10679	31796	1909	0	0
2	GNV	February	14548	23097	954	0	0
2	GPT	February	33780	67171	3294	0	0
2	GRB	February	31878	91360	3964	0	0
2	GRK	February	4469	31259	1530	0	0
2	GRR	February	111964	246669	9326	0	0
2	GSO	February	84355	245866	9968	0	0
2	GSP	February	57271	160629	7039	0	0
2	GTF	February	-1296	33018	2048	0	0
2	GTR	February	6028	11732	634	0	0
2	GUC	February	5741	16736	698	0	0
2	HDN	February	29305	56175	2104	0	0
2	HHH	February	1071	1638	77	0	0
2	HLN	February	28	20323	1031	0	0
2	HNL	February	4992	467897	24749	0	0
2	HOU	February	312304	519559	38612	0	0
2	HPN	February	67547	129005	5068	0	0
2	HRL	February	27702	45262	3623	0	0
2	HSV	February	34690	126707	5584	0	0
2	HTS	February	2037	5574	344	0	0
2	HVN	February	551	1273	80	0	0
2	IAD	February	608450	1427595	57989	0	0
2	IAH	February	692328	3130095	121141	0	0
2	ICT	February	54638	164817	7138	0	0
2	IDA	February	9118	24888	1426	0	0
2	ILE	February	638	23726	1162	0	0
2	ILG	February	-87	1120	47	0	0
2	ILM	February	9174	36237	1946	0	0
2	IND	February	199382	631015	27128	0	0
2	IPL	February	3916	5911	420	0	0
2	ISO	February	-63	881	50	0	0
2	ISP	February	21884	112165	7370	0	0
2	ITH	February	718	3747	210	0	0
2	ITO	February	-664	28436	2486	0	0
2	IYK	February	-770	8030	453	0	0
2	JAC	February	41413	55970	2166	0	0
2	JAN	February	44806	132756	7261	0	0
2	JAX	February	136016	389993	20011	0	0
2	JFK	February	671249	1839821	55400	0	0
2	JNU	February	29119	40908	2360	0	0
2	KOA	February	6627	66864	4927	0	0
2	KTN	February	9077	23279	1439	0	0
2	LAN	February	28333	58823	2668	0	0
2	LAS	February	997953	2239824	106612	0	0
2	LAW	February	591	29750	1317	0	0
2	LAX	February	897776	3137724	149924	0	0
2	LBB	February	34559	86165	5870	0	0
2	LCH	February	5007	15214	641	0	0
2	LEX	February	49046	114664	4635	0	0
2	LFT	February	18292	53907	2379	0	0
2	LGA	February	620813	2405511	76934	0	0
2	LGB	February	15492	131519	6182	0	0
2	LIH	February	-4674	53828	5123	0	0
2	LIT	February	78797	201046	10942	0	0
2	LNK	February	18690	34613	1557	0	0
2	LNY	February	-183	178	24	0	0
2	LRD	February	4561	26451	1345	0	0
2	LSE	February	8905	24113	1136	0	0
2	LWS	February	495	3669	214	0	0
2	LYH	February	2983	7310	428	0	0
2	MAF	February	27235	72990	5283	0	0
2	MBS	February	17767	51947	2238	0	0
2	MCI	February	228899	755126	40142	0	0
2	MCN	February	6346	10338	531	0	0
2	MCO	February	553675	1562135	75203	0	0
2	MDT	February	50486	123002	5333	0	0
2	MDW	February	393457	910610	51998	0	0
2	MEI	February	4815	9544	524	0	0
2	MEM	February	367114	943574	39572	0	0
2	MFE	February	12324	50514	2581	0	0
2	MFR	February	25291	38626	2673	0	0
2	MGM	February	17527	38188	1731	0	0
2	MHT	February	90187	247269	12626	0	0
2	MIA	February	384448	1226993	47653	0	0
2	MKE	February	133372	347349	14341	0	0
2	MKK	February	-302	169	24	0	0
2	MLB	February	15126	35715	1562	0	0
2	MLI	February	37068	72898	2929	0	0
2	MLU	February	13184	32657	1724	0	0
2	MOB	February	28175	67525	3295	0	0
2	MOD	February	8910	14104	870	0	0
2	MOT	February	1091	13096	748	0	0
2	MQT	February	3341	8014	380	0	0
2	MRY	February	21352	64517	3904	0	0
2	MSN	February	65924	144572	6006	0	0
2	MSO	February	3443	38194	2101	0	0
2	MSP	February	820780	2570035	95718	0	0
2	MSY	February	202813	530504	31539	0	0
2	MTH	February	512	376	15	0	0
2	MTJ	February	10960	35250	1778	0	0
2	MYR	February	18912	56464	3035	0	0
2	OAJ	February	1917	3136	134	0	0
2	OAK	February	289918	710405	45085	0	0
2	OGG	February	3625	130938	9383	0	0
2	OKC	February	102086	288343	15588	0	0
2	OMA	February	111551	306139	14566	0	0
2	OME	February	8783	6867	652	0	0
2	ONT	February	148470	386069	24568	0	0
2	ORD	February	2841753	5526884	229429	0	0
2	ORF	February	86486	269966	13179	0	0
2	ORH	February	807	2208	95	0	0
2	OTZ	February	8782	6490	659	0	0
2	OXR	February	-371	12647	737	0	0
2	PBI	February	201148	465662	21152	0	0
2	PDX	February	158440	613988	37165	0	0
2	PFN	February	14199	26526	1413	0	0
2	PHF	February	31963	54458	2455	0	0
2	PHL	February	828572	2104812	75274	0	0
2	PHX	February	990249	2667838	129600	0	0
2	PIA	February	30698	53802	2209	0	0
2	PIE	February	2976	10565	492	0	0
2	PIH	February	1350	12683	824	0	0
2	PIT	February	339744	1107891	46845	0	0
2	PLN	February	894	1091	26	0	0
2	PMD	February	608	1313	54	0	0
2	PNS	February	42911	101211	5120	0	0
2	PSC	February	5017	27364	1638	0	0
2	PSE	February	1131	3099	147	0	0
2	PSG	February	3804	4728	449	0	0
2	PSP	February	77404	173972	9479	0	0
2	PVD	February	92071	342965	18126	0	0
2	PWM	February	49924	119364	5181	0	0
2	RAP	February	6612	37558	2024	0	0
2	RDD	February	11209	13538	918	0	0
2	RDM	February	13922	20715	1420	0	0
2	RDU	February	254069	720920	34784	0	0
2	RFD	February	1593	3376	104	0	0
2	RHI	February	112	15	1	0	0
2	RIC	February	96627	261047	11687	0	0
2	RNO	February	180700	315568	19640	0	0
2	ROA	February	19347	49326	2200	0	0
2	ROC	February	136034	272575	10630	0	0
2	ROW	February	872	963	57	0	0
2	RST	February	18688	40345	1741	0	0
2	RSW	February	175341	417329	18803	0	0
2	SAN	February	334582	1106712	57353	0	0
2	SAT	February	141134	466962	27047	0	0
2	SAV	February	57417	147384	6467	0	0
2	SBA	February	39911	108708	6709	0	0
2	SBN	February	34760	51600	2175	0	0
2	SBP	February	16498	56723	3193	0	0
2	SCC	February	4091	3174	300	0	0
2	SCE	February	-712	12092	533	0	0
2	SDF	February	123249	285819	14570	0	0
2	SEA	February	463056	1384618	67306	0	0
2	SFO	February	755124	1917774	83945	0	0
2	SGF	February	52542	94427	4250	0	0
2	SGU	February	8103	21862	1507	0	0
2	SHV	February	26779	103837	4835	0	0
2	SIT	February	5465	11126	722	0	0
2	SJC	February	204040	780187	42401	0	0
2	SJT	February	-3723	24082	1284	0	0
2	SJU	February	126029	450170	18332	0	0
2	SLC	February	585959	2063832	82609	0	0
2	SLE	February	-249	1222	54	0	0
2	SMF	February	201109	489405	31768	0	0
2	SMX	February	2064	14715	891	0	0
2	SNA	February	141750	643680	31750	0	0
2	SPI	February	10206	8844	345	0	0
2	SPS	February	623	30128	1316	0	0
2	SRQ	February	38286	104684	4989	0	0
2	STL	February	405741	1499942	68459	0	0
2	STT	February	14961	57345	2636	0	0
2	STX	February	1994	9099	393	0	0
2	SUN	February	4157	17832	1222	0	0
2	SUX	February	734	2791	149	0	0
2	SWF	February	19893	45235	1754	0	0
2	SYR	February	91495	223739	8386	0	0
2	TEX	February	1796	3053	133	0	0
2	TLH	February	21340	46553	2313	0	0
2	TOL	February	14669	53398	2226	0	0
2	TPA	February	353004	998099	51372	0	0
2	TRI	February	9124	24125	1308	0	0
2	TTN	February	922	2275	100	0	0
2	TUL	February	93366	277573	14884	0	0
2	TUP	February	592	2370	128	0	0
2	TUS	February	93725	282001	15369	0	0
2	TVC	February	22947	35811	1370	0	0
2	TWF	February	6430	15205	1029	0	0
2	TXK	February	1957	19315	1000	0	0
2	TYR	February	2051	33364	1629	0	0
2	TYS	February	38569	159399	6685	0	0
2	VCT	February	367	3524	222	0	0
2	VIS	February	-58	2226	200	0	0
2	VLD	February	7614	10795	535	0	0
2	VPS	February	26307	67332	3090	0	0
2	WRG	February	2994	4646	455	0	0
2	XNA	February	77475	160713	6536	0	0
2	YAK	February	1709	4708	480	0	0
2	YKM	February	867	833	40	0	0
2	YUM	February	8938	21100	1191	0	0
