3	ABE	Wednesday	25169	146577	6459	0	0
3	ABI	Wednesday	1433	59951	3120	0	0
3	ABQ	Wednesday	143776	797475	49092	0	0
3	ABY	Wednesday	7640	20731	1152	0	0
3	ACK	Wednesday	3703	4366	157	0	0
3	ACT	Wednesday	-2443	62140	3016	0	0
3	ACV	Wednesday	23731	42932	3366	0	0
3	ACY	Wednesday	1893	11334	516	0	0
3	ADQ	Wednesday	6580	8735	827	0	0
3	AEX	Wednesday	18403	60428	2461	0	0
3	AGS	Wednesday	23692	61239	2722	0	0
3	AKN	Wednesday	2218	2293	230	0	0
3	ALB	Wednesday	119283	409259	20106	0	0
3	ALO	Wednesday	178	2276	85	0	0
3	AMA	Wednesday	36384	141793	9537	0	0
3	ANC	Wednesday	183634	466384	25390	0	0
3	APF	Wednesday	2852	8400	396	0	0
3	ASE	Wednesday	8640	33475	1753	0	0
3	ATL	Wednesday	4420224	15028890	454804	0	0
3	ATW	Wednesday	25776	70297	3212	0	0
3	AUS	Wednesday	234128	1058324	57522	0	0
3	AVL	Wednesday	35194	86049	3868	0	0
3	AVP	Wednesday	20801	60574	2641	0	0
3	AZO	Wednesday	27089	94151	4444	0	0
3	BDL	Wednesday	206903	934046	43612	0	0
3	BET	Wednesday	14559	14754	1398	0	0
3	BFL	Wednesday	7921	66530	3905	0	0
3	BGM	Wednesday	1672	19900	1021	0	0
3	BGR	Wednesday	36397	91215	4530	0	0
3	BHM	Wednesday	142286	495064	27083	0	0
3	BIL	Wednesday	5346	94490	5390	0	0
3	BIS	Wednesday	1800	46954	2703	0	0
3	BJI	Wednesday	30	603	27	0	0
3	BLI	Wednesday	-562	2823	157	0	0
3	BMI	Wednesday	31790	70173	3125	0	0
3	BNA	Wednesday	367308	1329529	75623	0	0
3	BOI	Wednesday	67367	301963	19572	0	0
3	BOS	Wednesday	1180441	4251793	158890	0	0
3	BPT	Wednesday	124	22153	1187	0	0
3	BQK	Wednesday	7068	21905	975	0	0
3	BQN	Wednesday	817	18509	881	0	0
3	BRO	Wednesday	7411	33560	1553	0	0
3	BRW	Wednesday	10551	7742	887	0	0
3	BTM	Wednesday	-1454	14035	908	0	0
3	BTR	Wednesday	94194	207077	9863	0	0
3	BTV	Wednesday	80842	176659	7699	0	0
3	BUF	Wednesday	214986	633074	30214	0	0
3	BUR	Wednesday	137469	604337	37771	0	0
3	BWI	Wednesday	771605	2412483	131630	0	0
3	BZN	Wednesday	7350	92828	4749	0	0
3	CAE	Wednesday	103640	240768	10833	0	0
3	CAK	Wednesday	61968	176907	7598	0	0
3	CDC	Wednesday	517	7742	572	0	0
3	CDV	Wednesday	10792	10070	909	0	0
3	CEC	Wednesday	9310	12170	914	0	0
3	CHA	Wednesday	24649	85124	4537	0	0
3	CHO	Wednesday	3607	30054	1685	0	0
3	CHS	Wednesday	80214	311512	13885	0	0
3	CIC	Wednesday	8417	15893	1055	0	0
3	CID	Wednesday	63780	191505	9295	0	0
3	CKB	Wednesday	118	26	2	0	0
3	CLD	Wednesday	2007	29473	2121	0	0
3	CLE	Wednesday	579791	2307878	96268	0	0
3	CLL	Wednesday	2591	58692	2894	0	0
3	CLT	Wednesday	1013337	3786676	152864	0	0
3	CMH	Wednesday	316349	977325	47809	0	0
3	CMI	Wednesday	25493	63782	2981	0	0
3	CMX	Wednesday	924	2018	85	0	0
3	COD	Wednesday	-3276	14799	931	0	0
3	COS	Wednesday	63795	403279	17076	0	0
3	CPR	Wednesday	4676	43987	2708	0	0
3	CRP	Wednesday	59540	156277	8784	0	0
3	CRW	Wednesday	17966	80534	4112	0	0
3	CSG	Wednesday	9605	26507	1445	0	0
3	CVG	Wednesday	885362	3875001	149780	0	0
3	CWA	Wednesday	8232	17303	804	0	0
3	CYS	Wednesday	44	8	1	0	0
3	DAB	Wednesday	38745	82061	3555	0	0
3	DAL	Wednesday	450025	838389	65108	0	0
3	DAY	Wednesday	100838	395552	17033	0	0
3	DBQ	Wednesday	10755	27657	1429	0	0
3	DCA	Wednesday	563827	2764094	114766	0	0
3	DEN	Wednesday	1646258	4753920	224346	0	0
3	DFW	Wednesday	2910865	9432023	383594	0	0
3	DHN	Wednesday	12973	27516	1485	0	0
3	DLG	Wednesday	3115	2698	282	0	0
3	DLH	Wednesday	6767	40920	2084	0	0
3	DRO	Wednesday	-543	39103	2070	0	0
3	DSM	Wednesday	94813	321757	14893	0	0
3	DTW	Wednesday	1804253	5071799	192448	0	0
3	DUT	Wednesday	4427	2644	308	0	0
3	EAU	Wednesday	-74	225	11	0	0
3	EFD	Wednesday	485	7008	388	0	0
3	EGE	Wednesday	15162	56587	2064	0	0
3	EKO	Wednesday	480	24309	1896	0	0
3	ELM	Wednesday	350	14241	729	0	0
3	ELP	Wednesday	89457	458756	28604	0	0
3	ERI	Wednesday	231	23406	1240	0	0
3	EUG	Wednesday	26529	82292	5535	0	0
3	EVV	Wednesday	33259	106848	4933	0	0
3	EWN	Wednesday	2583	4091	205	0	0
3	EWR	Wednesday	2350782	6578503	181836	0	0
3	EYW	Wednesday	11750	25586	1323	0	0
3	FAI	Wednesday	35951	98977	6508	0	0
3	FAR	Wednesday	21152	97926	4764	0	0
3	FAT	Wednesday	42322	224285	13399	0	0
3	FAY	Wednesday	18284	36917	1846	0	0
3	FCA	Wednesday	3554	54270	3078	0	0
3	FLG	Wednesday	1367	14718	746	0	0
3	FLL	Wednesday	523809	1795368	77048	0	0
3	FLO	Wednesday	4162	13407	728	0	0
3	FNT	Wednesday	37930	137341	6260	0	0
3	FSD	Wednesday	33310	121740	5862	0	0
3	FSM	Wednesday	8206	55000	2738	0	0
3	FWA	Wednesday	46381	136816	5896	0	0
3	GCC	Wednesday	1800	2942	149	0	0
3	GEG	Wednesday	56960	293935	18294	0	0
3	GFK	Wednesday	2643	22101	1285	0	0
3	GGG	Wednesday	-949	28234	1360	0	0
3	GJT	Wednesday	12132	60905	3734	0	0
3	GNV	Wednesday	17431	39644	1846	0	0
3	GPT	Wednesday	47851	133075	6040	0	0
3	GRB	Wednesday	45040	159738	7562	0	0
3	GRK	Wednesday	14486	63766	3141	0	0
3	GRR	Wednesday	108935	404395	17747	0	0
3	GSO	Wednesday	135435	466134	19293	0	0
3	GSP	Wednesday	67226	309902	13632	0	0
3	GST	Wednesday	479	1347	111	0	0
3	GTF	Wednesday	-7358	57407	3647	0	0
3	GTR	Wednesday	12322	23916	1074	0	0
3	GUC	Wednesday	1777	13286	609	0	0
3	HDN	Wednesday	7306	38351	1551	0	0
3	HHH	Wednesday	2138	5543	253	0	0
3	HKY	Wednesday	347	1556	88	0	0
3	HLN	Wednesday	-1190	37548	2008	0	0
3	HNL	Wednesday	-5047	869895	46753	0	0
3	HOU	Wednesday	530424	1003228	75586	0	0
3	HPN	Wednesday	89819	272057	10501	0	0
3	HRL	Wednesday	37821	81605	6610	0	0
3	HSV	Wednesday	51670	238175	10572	0	0
3	HTS	Wednesday	462	11393	667	0	0
3	HVN	Wednesday	1176	6937	233	0	0
3	IAD	Wednesday	984473	2871510	110474	0	0
3	IAH	Wednesday	1459754	6088161	227990	0	0
3	ICT	Wednesday	93681	299401	13175	0	0
3	IDA	Wednesday	4498	43981	2669	0	0
3	ILE	Wednesday	-2353	40809	1926	0	0
3	ILG	Wednesday	1176	2811	109	0	0
3	ILM	Wednesday	16798	75037	3953	0	0
3	IND	Wednesday	274246	1130759	51280	0	0
3	INL	Wednesday	134	858	36	0	0
3	IPL	Wednesday	2272	11959	851	0	0
3	ISO	Wednesday	1728	3943	195	0	0
3	ISP	Wednesday	13873	210919	14531	0	0
3	ITH	Wednesday	1232	6172	361	0	0
3	ITO	Wednesday	-9339	59324	5112	0	0
3	IYK	Wednesday	-2458	16164	904	0	0
3	JAC	Wednesday	12220	70239	3291	0	0
3	JAN	Wednesday	74000	249592	13730	0	0
3	JAX	Wednesday	202720	730919	37487	0	0
3	JFK	Wednesday	1027509	3967557	108681	0	0
3	JNU	Wednesday	68079	93345	5547	0	0
3	KOA	Wednesday	-1849	128624	9504	0	0
3	KTN	Wednesday	24620	48380	3062	0	0
3	LAN	Wednesday	21997	107436	5235	0	0
3	LAS	Wednesday	1052724	4237502	199923	0	0
3	LAW	Wednesday	1768	55323	2527	0	0
3	LAX	Wednesday	1108886	5920691	283826	0	0
3	LBB	Wednesday	51307	161302	11079	0	0
3	LCH	Wednesday	9144	27643	1177	0	0
3	LEX	Wednesday	53580	205461	9301	0	0
3	LFT	Wednesday	33960	101213	4423	0	0
3	LGA	Wednesday	1367300	5260711	150975	0	0
3	LGB	Wednesday	16924	260528	12219	0	0
3	LIH	Wednesday	-22320	105516	9717	0	0
3	LIT	Wednesday	120781	389156	20966	0	0
3	LMT	Wednesday	1515	1297	72	0	0
3	LNK	Wednesday	23796	60060	2863	0	0
3	LNY	Wednesday	26	3434	37	0	0
3	LRD	Wednesday	13164	52688	2629	0	0
3	LSE	Wednesday	12522	42073	2156	0	0
3	LWB	Wednesday	1311	3939	207	0	0
3	LWS	Wednesday	-106	6777	386	0	0
3	LYH	Wednesday	3616	14670	825	0	0
3	MAF	Wednesday	49942	139763	9918	0	0
3	MAZ	Wednesday	257	345	19	0	0
3	MBS	Wednesday	25141	92989	4225	0	0
3	MCI	Wednesday	371164	1431635	77958	0	0
3	MCN	Wednesday	9264	20488	993	0	0
3	MCO	Wednesday	720060	2779567	135912	0	0
3	MDT	Wednesday	54117	218812	9939	0	0
3	MDW	Wednesday	794949	1961356	104559	0	0
3	MEI	Wednesday	8487	20382	902	0	0
3	MEM	Wednesday	504256	1744999	73804	0	0
3	MFE	Wednesday	21560	92431	4704	0	0
3	MFR	Wednesday	33390	74613	5196	0	0
3	MGM	Wednesday	32563	68973	3260	0	0
3	MHT	Wednesday	144135	488256	24913	0	0
3	MIA	Wednesday	705196	2091224	81222	0	0
3	MIB	Wednesday	-106	183	15	0	0
3	MKE	Wednesday	209628	692738	29933	0	0
3	MKG	Wednesday	250	826	66	0	0
3	MKK	Wednesday	-118	274	36	0	0
3	MLB	Wednesday	16907	59870	2711	0	0
3	MLI	Wednesday	42837	129930	5889	0	0
3	MLU	Wednesday	15898	59042	2996	0	0
3	MOB	Wednesday	42447	126241	5980	0	0
3	MOD	Wednesday	14687	27565	1716	0	0
3	MOT	Wednesday	1651	23648	1374	0	0
3	MQT	Wednesday	5103	14870	859	0	0
3	MRY	Wednesday	18618	116056	7138	0	0
3	MSN	Wednesday	84730	271481	11954	0	0
3	MSO	Wednesday	4267	70622	4059	0	0
3	MSP	Wednesday	1506367	4826292	182858	0	0
3	MSY	Wednesday	289465	981841	57719	0	0
3	MTH	Wednesday	263	436	16	0	0
3	MTJ	Wednesday	3811	37216	2115	0	0
3	MYR	Wednesday	36028	121475	6232	0	0
3	OAJ	Wednesday	1991	7230	325	0	0
3	OAK	Wednesday	304487	1379960	87351	0	0
3	OGG	Wednesday	592	237164	17176	0	0
3	OKC	Wednesday	147470	538631	29423	0	0
3	OMA	Wednesday	163272	563750	28326	0	0
3	OME	Wednesday	14076	12841	1251	0	0
3	ONT	Wednesday	161045	743634	47494	0	0
3	ORD	Wednesday	5659548	11427386	442876	0	0
3	ORF	Wednesday	151534	507413	25419	0	0
3	ORH	Wednesday	197	3153	155	0	0
3	OTH	Wednesday	2468	1232	71	0	0
3	OTZ	Wednesday	12859	12840	1296	0	0
3	OXR	Wednesday	-2759	24034	1403	0	0
3	PBI	Wednesday	225814	687922	33143	0	0
3	PDX	Wednesday	248974	1254838	72504	0	0
3	PFN	Wednesday	22069	54540	2590	0	0
3	PHF	Wednesday	41832	108961	4880	0	0
3	PHL	Wednesday	1532028	4435468	145109	0	0
3	PHX	Wednesday	1246495	4971377	242594	0	0
3	PIA	Wednesday	32882	100201	4315	0	0
3	PIE	Wednesday	1242	13379	659	0	0
3	PIH	Wednesday	-1766	22648	1564	0	0
3	PIR	Wednesday	1	24	1	0	0
3	PIT	Wednesday	500792	1997000	87555	0	0
3	PLN	Wednesday	-679	2604	105	0	0
3	PMD	Wednesday	1436	2831	163	0	0
3	PNS	Wednesday	59975	192243	9797	0	0
3	PSC	Wednesday	1778	49424	3087	0	0
3	PSE	Wednesday	-167	7670	348	0	0
3	PSG	Wednesday	9718	9000	870	0	0
3	PSP	Wednesday	47878	228830	12935	0	0
3	PVD	Wednesday	155447	678064	35397	0	0
3	PWM	Wednesday	93805	235280	10457	0	0
3	RAP	Wednesday	7040	77141	4307	0	0
3	RDD	Wednesday	12138	23570	1664	0	0
3	RDM	Wednesday	11193	38509	2746	0	0
3	RDR	Wednesday	-99	98	8	0	0
3	RDU	Wednesday	449008	1473228	69900	0	0
3	RFD	Wednesday	-201	5589	234	0	0
3	RHI	Wednesday	333	1213	65	0	0
3	RIC	Wednesday	154170	519575	23217	0	0
3	RKS	Wednesday	796	2616	134	0	0
3	RNO	Wednesday	122646	547391	35108	0	0
3	ROA	Wednesday	25455	85858	3933	0	0
3	ROC	Wednesday	179744	467567	19948	0	0
3	ROW	Wednesday	553	2833	177	0	0
3	RST	Wednesday	24172	70474	3389	0	0
3	RSW	Wednesday	153982	569431	27018	0	0
3	SAN	Wednesday	384674	2153182	110134	0	0
3	SAT	Wednesday	225392	926836	52928	0	0
3	SAV	Wednesday	87165	289290	13126	0	0
3	SBA	Wednesday	25698	204928	12693	0	0
3	SBN	Wednesday	32033	79973	3771	0	0
3	SBP	Wednesday	12742	105109	5889	0	0
3	SCC	Wednesday	3804	6190	595	0	0
3	SCE	Wednesday	-1560	16930	924	0	0
3	SDF	Wednesday	175992	539389	28281	0	0
3	SEA	Wednesday	919410	2895516	135903	0	0
3	SFO	Wednesday	1000362	3761942	162584	0	0
3	SGF	Wednesday	71899	183051	8566	0	0
3	SGU	Wednesday	608	40301	2781	0	0
3	SHV	Wednesday	45600	194439	9170	0	0
3	SIT	Wednesday	13019	26636	1671	0	0
3	SJC	Wednesday	242738	1565767	82833	0	0
3	SJT	Wednesday	-2958	45138	2371	0	0
3	SJU	Wednesday	156831	686214	28976	0	0
3	SLC	Wednesday	603974	3664656	154105	0	0
3	SLE	Wednesday	-725	2610	121	0	0
3	SMF	Wednesday	266271	980807	62681	0	0
3	SMX	Wednesday	-3152	28855	1671	0	0
3	SNA	Wednesday	200282	1268699	62166	0	0
3	SOP	Wednesday	1388	1207	53	0	0
3	SPI	Wednesday	13136	16641	693	0	0
3	SPS	Wednesday	3865	57220	2436	0	0
3	SRQ	Wednesday	31208	151113	7266	0	0
3	STL	Wednesday	689807	2859677	128806	0	0
3	STT	Wednesday	9785	71791	3328	0	0
3	STX	Wednesday	3900	17186	756	0	0
3	SUN	Wednesday	-3436	32595	2429	0	0
3	SUX	Wednesday	314	4250	234	0	0
3	SWF	Wednesday	22037	73457	3135	0	0
3	SYR	Wednesday	115137	375803	15906	0	0
3	TEX	Wednesday	1041	1637	71	0	0
3	TLH	Wednesday	26671	97188	4688	0	0
3	TOL	Wednesday	13919	77863	3845	0	0
3	TPA	Wednesday	435956	1742682	91384	0	0
3	TRI	Wednesday	11372	45835	2409	0	0
3	TTN	Wednesday	842	2981	127	0	0
3	TUL	Wednesday	150620	534668	28916	0	0
3	TUP	Wednesday	1276	5337	260	0	0
3	TUS	Wednesday	90189	495010	27125	0	0
3	TVC	Wednesday	33129	76903	3562	0	0
3	TWF	Wednesday	894	24270	1748	0	0
3	TXK	Wednesday	1080	31797	1654	0	0
3	TYR	Wednesday	1197	62279	2960	0	0
3	TYS	Wednesday	71585	309501	13295	0	0
3	VCT	Wednesday	-479	5509	366	0	0
3	VIS	Wednesday	-889	2949	286	0	0
3	VLD	Wednesday	9692	20895	1049	0	0
3	VPS	Wednesday	42491	131743	6090	0	0
3	WRG	Wednesday	6016	9217	880	0	0
3	WYS	Wednesday	-1285	2557	203	0	0
3	XNA	Wednesday	128517	317699	13362	0	0
3	YAK	Wednesday	7179	8942	894	0	0
3	YKM	Wednesday	1049	1856	108	0	0
3	YUM	Wednesday	10088	37462	2098	0	0
