4	ABE	Thursday	33852	147766	6567	0	0
4	ABI	Thursday	6162	58690	3118	0	0
4	ABQ	Thursday	276214	817371	49354	0	0
4	ABY	Thursday	13242	24424	1151	0	0
4	ACK	Thursday	7332	5965	198	0	0
4	ACT	Thursday	-590	62292	3033	0	0
4	ACV	Thursday	29546	43634	3368	0	0
4	ACY	Thursday	3669	11977	543	0	0
4	ADK	Thursday	4113	2434	241	0	0
4	ADQ	Thursday	7444	8272	803	0	0
4	AEX	Thursday	26918	57909	2528	0	0
4	AGS	Thursday	36066	63748	2749	0	0
4	AKN	Thursday	7917	5382	592	0	0
4	ALB	Thursday	147783	412568	20153	0	0
4	ALO	Thursday	222	2223	84	0	0
4	AMA	Thursday	58683	144352	9589	0	0
4	ANC	Thursday	202522	466858	25384	0	0
4	APF	Thursday	3128	9196	409	0	0
4	ASE	Thursday	19649	35175	1757	0	0
4	ATL	Thursday	6141351	15526570	454986	0	0
4	ATW	Thursday	28227	74252	3204	0	0
4	AUS	Thursday	391323	1093719	57764	0	0
4	AVL	Thursday	42234	92644	3935	0	0
4	AVP	Thursday	25112	61131	2657	0	0
4	AZO	Thursday	34686	94289	4424	0	0
4	BDL	Thursday	297356	954907	44005	0	0
4	BET	Thursday	15790	14210	1345	0	0
4	BFL	Thursday	16386	68129	3939	0	0
4	BGM	Thursday	885	18782	1006	0	0
4	BGR	Thursday	32455	96717	4498	0	0
4	BHM	Thursday	216184	499921	27037	0	0
4	BIL	Thursday	9559	97272	5416	0	0
4	BIS	Thursday	4108	47146	2690	0	0
4	BJI	Thursday	234	570	28	0	0
4	BLI	Thursday	-1141	2863	159	0	0
4	BMI	Thursday	43495	73660	3215	0	0
4	BNA	Thursday	535010	1340806	75304	0	0
4	BOI	Thursday	108022	305843	19593	0	0
4	BOS	Thursday	1490687	4324535	159880	0	0
4	BPT	Thursday	2488	23209	1251	0	0
4	BQK	Thursday	11919	18806	998	0	0
4	BQN	Thursday	1614	16939	831	0	0
4	BRO	Thursday	10545	36368	1654	0	0
4	BRW	Thursday	11994	7746	902	0	0
4	BTM	Thursday	-674	13911	909	0	0
4	BTR	Thursday	116155	209736	9934	0	0
4	BTV	Thursday	84461	183146	7756	0	0
4	BUF	Thursday	273378	638544	30243	0	0
4	BUR	Thursday	287389	623497	37718	0	0
4	BWI	Thursday	1153367	2463822	131340	0	0
4	BZN	Thursday	10731	94496	4764	0	0
4	CAE	Thursday	129526	259646	10823	0	0
4	CAK	Thursday	76193	170676	7636	0	0
4	CDC	Thursday	2126	7633	568	0	0
4	CDV	Thursday	8573	9511	882	0	0
4	CEC	Thursday	12189	12478	913	0	0
4	CHA	Thursday	37848	87315	4507	0	0
4	CHO	Thursday	4647	30133	1707	0	0
4	CHS	Thursday	113392	315530	13917	0	0
4	CIC	Thursday	9067	15549	1047	0	0
4	CID	Thursday	75669	188073	9214	0	0
4	CKB	Thursday	-20	1440	1	0	0
4	CLD	Thursday	4742	29941	2123	0	0
4	CLE	Thursday	744063	2410935	100788	0	0
4	CLL	Thursday	3753	57804	2904	0	0
4	CLT	Thursday	1461932	3833102	152919	0	0
4	CMH	Thursday	398600	980042	47920	0	0
4	CMI	Thursday	30477	63053	2937	0	0
4	CMX	Thursday	940	2147	85	0	0
4	COD	Thursday	-1805	15332	933	0	0
4	COS	Thursday	116420	410834	17219	0	0
4	CPR	Thursday	11798	44128	2664	0	0
4	CRP	Thursday	69091	156553	8830	0	0
4	CRW	Thursday	28374	82952	4134	0	0
4	CSG	Thursday	12096	28306	1430	0	0
4	CVG	Thursday	1170928	4027728	150001	0	0
4	CWA	Thursday	10393	16875	782	0	0
4	DAB	Thursday	48751	86866	3585	0	0
4	DAL	Thursday	707227	852410	65059	0	0
4	DAY	Thursday	128284	396662	17137	0	0
4	DBQ	Thursday	12707	27954	1423	0	0
4	DCA	Thursday	767277	2753222	113932	0	0
4	DEN	Thursday	2341290	4897612	223996	0	0
4	DFW	Thursday	3645233	9516967	382353	0	0
4	DHN	Thursday	15286	28329	1499	0	0
4	DLG	Thursday	4105	2733	275	0	0
4	DLH	Thursday	9141	40935	2046	0	0
4	DRO	Thursday	6333	38598	2054	0	0
4	DSM	Thursday	127284	321962	14886	0	0
4	DTW	Thursday	2134161	5064290	191877	0	0
4	DUT	Thursday	5117	2756	309	0	0
4	EAU	Thursday	62	239	10	0	0
4	EFD	Thursday	701	7413	411	0	0
4	EGE	Thursday	21616	59305	2119	0	0
4	EKO	Thursday	3300	24441	1883	0	0
4	ELM	Thursday	1092	14656	719	0	0
4	ELP	Thursday	171678	471397	28671	0	0
4	ERI	Thursday	263	24440	1231	0	0
4	EUG	Thursday	37064	83455	5580	0	0
4	EVV	Thursday	41334	105899	4871	0	0
4	EWN	Thursday	3477	4191	201	0	0
4	EWR	Thursday	2689910	6708772	183705	0	0
4	EYW	Thursday	12891	26483	1366	0	0
4	FAI	Thursday	41964	100000	6563	0	0
4	FAR	Thursday	27210	98441	4767	0	0
4	FAT	Thursday	58535	229137	13456	0	0
4	FAY	Thursday	22039	36235	1833	0	0
4	FCA	Thursday	1967	55352	3133	0	0
4	FLG	Thursday	4153	15754	764	0	0
4	FLL	Thursday	757315	1893758	78503	0	0
4	FLO	Thursday	7946	15724	750	0	0
4	FMN	Thursday	193	20	1	0	0
4	FNT	Thursday	46113	141424	6286	0	0
4	FSD	Thursday	44735	124285	5820	0	0
4	FSM	Thursday	7594	54967	2731	0	0
4	FWA	Thursday	53585	130245	5869	0	0
4	GCC	Thursday	2298	3164	143	0	0
4	GEG	Thursday	84713	294940	18245	0	0
4	GFK	Thursday	2971	21169	1270	0	0
4	GGG	Thursday	2182	28153	1356	0	0
4	GJT	Thursday	22483	62064	3700	0	0
4	GLH	Thursday	8	23	1	0	0
4	GNV	Thursday	23164	42597	1874	0	0
4	GPT	Thursday	64776	130478	6087	0	0
4	GRB	Thursday	49926	156270	7478	0	0
4	GRK	Thursday	16321	63502	3139	0	0
4	GRR	Thursday	141625	407564	17913	0	0
4	GSO	Thursday	176311	480040	19343	0	0
4	GSP	Thursday	101286	319409	13555	0	0
4	GST	Thursday	598	1385	110	0	0
4	GTF	Thursday	-4649	57064	3630	0	0
4	GTR	Thursday	12084	24979	1058	0	0
4	GUC	Thursday	7053	13473	615	0	0
4	HDN	Thursday	17912	40252	1561	0	0
4	HHH	Thursday	3742	5971	259	0	0
4	HKY	Thursday	435	1855	88	0	0
4	HLN	Thursday	-1028	32934	1995	0	0
4	HNL	Thursday	83130	883002	47005	0	0
4	HOU	Thursday	850896	1039043	75264	0	0
4	HPN	Thursday	121321	288922	10602	0	0
4	HRL	Thursday	58798	83616	6631	0	0
4	HSV	Thursday	79083	243749	10528	0	0
4	HTS	Thursday	821	10151	661	0	0
4	HVN	Thursday	1258	5354	237	0	0
4	IAD	Thursday	1218097	2919647	110689	0	0
4	IAH	Thursday	2199021	6435429	236798	0	0
4	ICT	Thursday	123078	296287	13116	0	0
4	IDA	Thursday	3749	44623	2706	0	0
4	ILE	Thursday	-493	41656	1970	0	0
4	ILG	Thursday	1786	2923	108	0	0
4	ILM	Thursday	25216	81169	3952	0	0
4	IND	Thursday	366908	1147853	51499	0	0
4	INL	Thursday	980	727	38	0	0
4	IPL	Thursday	3494	12146	854	0	0
4	ISO	Thursday	2241	4356	201	0	0
4	ISP	Thursday	51182	212003	14472	0	0
4	ITH	Thursday	1215	6486	361	0	0
4	ITO	Thursday	-2573	59469	5090	0	0
4	IYK	Thursday	-3031	16452	903	0	0
4	JAC	Thursday	31725	72478	3324	0	0
4	JAN	Thursday	102232	254411	13704	0	0
4	JAX	Thursday	293300	747087	37506	0	0
4	JFK	Thursday	1369142	4093698	109312	0	0
4	JNU	Thursday	67073	91950	5475	0	0
4	KOA	Thursday	9644	133373	9718	0	0
4	KTN	Thursday	26368	47848	3030	0	0
4	LAN	Thursday	29596	105878	5181	0	0
4	LAS	Thursday	2015256	4589246	203184	0	0
4	LAW	Thursday	1791	55170	2531	0	0
4	LAX	Thursday	1792883	6047020	284891	0	0
4	LBB	Thursday	81553	165177	11179	0	0
4	LCH	Thursday	9528	27712	1189	0	0
4	LEX	Thursday	73629	207621	9333	0	0
4	LFT	Thursday	41105	103580	4511	0	0
4	LGA	Thursday	1749416	5332656	151344	0	0
4	LGB	Thursday	37415	268037	12250	0	0
4	LIH	Thursday	-10359	104849	9746	0	0
4	LIT	Thursday	182480	386987	20948	0	0
4	LMT	Thursday	658	1187	70	0	0
4	LNK	Thursday	33073	60043	2854	0	0
4	LNY	Thursday	-253	6045	40	0	0
4	LRD	Thursday	14267	53617	2671	0	0
4	LSE	Thursday	15658	42248	2117	0	0
4	LWB	Thursday	2186	3274	157	0	0
4	LWS	Thursday	-125	7179	403	0	0
4	LYH	Thursday	4434	14931	816	0	0
4	MAF	Thursday	66582	143744	10114	0	0
4	MAZ	Thursday	119	387	22	0	0
4	MBS	Thursday	22601	91099	4178	0	0
4	MCI	Thursday	511971	1435906	78117	0	0
4	MCN	Thursday	10572	22551	995	0	0
4	MCO	Thursday	997704	2859110	137533	0	0
4	MDT	Thursday	76443	222718	9982	0	0
4	MDW	Thursday	1119606	1990455	104238	0	0
4	MEI	Thursday	12261	22988	878	0	0
4	MEM	Thursday	670801	1782277	73890	0	0
4	MFE	Thursday	29340	95295	4830	0	0
4	MFR	Thursday	36977	74526	5260	0	0
4	MGM	Thursday	40865	72479	3215	0	0
4	MHT	Thursday	194154	493763	24970	0	0
4	MIA	Thursday	893078	2126064	81908	0	0
4	MIB	Thursday	-144	174	12	0	0
4	MKC	Thursday	25	22	1	0	0
4	MKE	Thursday	266524	699217	30113	0	0
4	MKG	Thursday	633	825	66	0	0
4	MKK	Thursday	-397	294	40	0	0
4	MLB	Thursday	26172	66667	2700	0	0
4	MLI	Thursday	52833	124134	5742	0	0
4	MLU	Thursday	27221	63789	3006	0	0
4	MOB	Thursday	57015	127737	6033	0	0
4	MOD	Thursday	15347	27161	1726	0	0
4	MOT	Thursday	2751	23318	1368	0	0
4	MQT	Thursday	5957	13998	859	0	0
4	MRY	Thursday	27413	119614	7301	0	0
4	MSN	Thursday	106007	271004	11969	0	0
4	MSO	Thursday	6158	72502	4120	0	0
4	MSP	Thursday	1695856	4826457	182617	0	0
4	MSY	Thursday	432460	999730	57996	0	0
4	MTH	Thursday	513	539	16	0	0
4	MTJ	Thursday	6475	38342	2163	0	0
4	MYR	Thursday	50636	134221	6297	0	0
4	OAJ	Thursday	3151	7463	335	0	0
4	OAK	Thursday	634857	1413022	87418	0	0
4	OGG	Thursday	9076	249795	17765	0	0
4	OKC	Thursday	228957	540790	29484	0	0
4	OMA	Thursday	232384	569121	28339	0	0
4	OME	Thursday	18168	13138	1271	0	0
4	ONT	Thursday	294798	762951	47443	0	0
4	ORD	Thursday	6741506	11518972	440779	0	0
4	ORF	Thursday	197367	517631	25438	0	0
4	ORH	Thursday	-26	3412	162	0	0
4	OTH	Thursday	1504	1267	72	0	0
4	OTZ	Thursday	15706	11887	1195	0	0
4	OXR	Thursday	-2947	23692	1405	0	0
4	PBI	Thursday	283318	709766	33567	0	0
4	PDX	Thursday	411831	1257478	72171	0	0
4	PFN	Thursday	32747	62504	2560	0	0
4	PHF	Thursday	58713	116048	4894	0	0
4	PHL	Thursday	1957147	4537546	145795	0	0
4	PHX	Thursday	1941290	5084763	241661	0	0
4	PIA	Thursday	44536	100228	4314	0	0
4	PIE	Thursday	2112	16155	762	0	0
4	PIH	Thursday	-1363	22187	1543	0	0
4	PIR	Thursday	-3	29	2	0	0
4	PIT	Thursday	722435	2019326	87949	0	0
4	PLN	Thursday	402	2917	108	0	0
4	PMD	Thursday	973	2977	167	0	0
4	PNS	Thursday	90141	200175	9823	0	0
4	PSC	Thursday	7816	50301	3106	0	0
4	PSE	Thursday	200	7602	354	0	0
4	PSG	Thursday	10694	8854	861	0	0
4	PSP	Thursday	71752	232277	12908	0	0
4	PVD	Thursday	210934	686282	35407	0	0
4	PWM	Thursday	105126	239135	10466	0	0
4	RAP	Thursday	12652	75682	4267	0	0
4	RDD	Thursday	14462	24455	1681	0	0
4	RDM	Thursday	13728	38636	2768	0	0
4	RDR	Thursday	-62	89	7	0	0
4	RDU	Thursday	627943	1500138	69878	0	0
4	RFD	Thursday	401	5302	225	0	0
4	RHI	Thursday	386	1191	63	0	0
4	RIC	Thursday	223165	533049	23176	0	0
4	RKS	Thursday	2072	2533	126	0	0
4	RNO	Thursday	250409	564020	35150	0	0
4	ROA	Thursday	40436	86010	3880	0	0
4	ROC	Thursday	206172	470938	20075	0	0
4	ROW	Thursday	201	2639	170	0	0
4	RST	Thursday	27701	68884	3336	0	0
4	RSW	Thursday	188268	587945	27323	0	0
4	SAN	Thursday	648105	2179943	110470	0	0
4	SAT	Thursday	377413	946303	52966	0	0
4	SAV	Thursday	116508	297328	13264	0	0
4	SBA	Thursday	48997	210965	12746	0	0
4	SBN	Thursday	35842	81732	3799	0	0
4	SBP	Thursday	20968	107139	5935	0	0
4	SCC	Thursday	6328	6334	617	0	0
4	SCE	Thursday	-1924	16459	919	0	0
4	SDF	Thursday	236042	544237	28315	0	0
4	SEA	Thursday	1205864	2911560	136164	0	0
4	SFO	Thursday	1459372	3825079	162702	0	0
4	SGF	Thursday	94618	183863	8516	0	0
4	SGU	Thursday	8046	40057	2773	0	0
4	SHV	Thursday	56472	190712	9110	0	0
4	SIT	Thursday	10872	24699	1648	0	0
4	SJC	Thursday	506067	1595607	83003	0	0
4	SJT	Thursday	2918	46533	2382	0	0
4	SJU	Thursday	188853	717865	29740	0	0
4	SLC	Thursday	909205	3703871	155126	0	0
4	SLE	Thursday	-388	2776	134	0	0
4	SMF	Thursday	446117	981130	62547	0	0
4	SMX	Thursday	-790	29223	1668	0	0
4	SNA	Thursday	370690	1286319	61974	0	0
4	SOP	Thursday	1970	1189	55	0	0
4	SPI	Thursday	16923	15883	679	0	0
4	SPS	Thursday	1229	57285	2476	0	0
4	SRQ	Thursday	42455	150948	7099	0	0
4	STL	Thursday	991572	2860988	128062	0	0
4	STT	Thursday	20029	77517	3606	0	0
4	STX	Thursday	3174	14993	668	0	0
4	SUN	Thursday	-1459	33523	2504	0	0
4	SUX	Thursday	1522	4359	231	0	0
4	SWF	Thursday	28066	75411	3154	0	0
4	SYR	Thursday	136901	379660	15946	0	0
4	TEX	Thursday	509	1718	75	0	0
4	TLH	Thursday	45600	101587	4691	0	0
4	TOL	Thursday	25368	73965	3817	0	0
4	TPA	Thursday	660570	1815601	92196	0	0
4	TRI	Thursday	18880	46777	2366	0	0
4	TTN	Thursday	997	3172	132	0	0
4	TUL	Thursday	208109	540977	28861	0	0
4	TUP	Thursday	2239	5627	287	0	0
4	TUS	Thursday	145205	503656	27171	0	0
4	TVC	Thursday	39869	76761	3527	0	0
4	TWF	Thursday	4970	24552	1697	0	0
4	TXK	Thursday	1676	31112	1646	0	0
4	TYR	Thursday	5268	61766	2930	0	0
4	TYS	Thursday	86297	315969	13367	0	0
4	VCT	Thursday	1282	5765	368	0	0
4	VIS	Thursday	-980	2831	282	0	0
4	VLD	Thursday	11202	19330	1015	0	0
4	VPS	Thursday	62656	136255	6083	0	0
4	WRG	Thursday	8047	9094	870	0	0
4	WYS	Thursday	-1298	2687	213	0	0
4	XNA	Thursday	147446	311279	13220	0	0
4	YAK	Thursday	6629	8606	874	0	0
4	YKM	Thursday	1008	1951	109	0	0
4	YUM	Thursday	11189	38541	2135	0	0
