5	ABE	Friday	42958	145941	6582	0	0
5	ABI	Friday	8016	59770	3115	0	0
5	ABQ	Friday	324966	821461	49489	0	0
5	ABY	Friday	12921	23993	1160	0	0
5	ACK	Friday	8409	6320	219	0	0
5	ACT	Friday	88	64809	3085	0	0
5	ACV	Friday	38249	43810	3320	0	0
5	ACY	Friday	5281	14952	551	0	0
5	ADQ	Friday	8102	8452	824	0	0
5	AEX	Friday	20294	57195	2545	0	0
5	AGS	Friday	29801	58839	2752	0	0
5	AKN	Friday	3946	2401	245	0	0
5	ALB	Friday	183634	417458	20236	0	0
5	ALO	Friday	1444	2374	87	0	0
5	AMA	Friday	63081	145729	9673	0	0
5	ANC	Friday	226820	476934	25824	0	0
5	APF	Friday	3477	8904	404	0	0
5	ASE	Friday	22212	37617	1843	0	0
5	ATL	Friday	6284006	15149790	457876	0	0
5	ATW	Friday	32433	71288	3194	0	0
5	AUS	Friday	377984	1081944	57932	0	0
5	AVL	Friday	41998	91143	3938	0	0
5	AVP	Friday	24113	68146	2657	0	0
5	AZO	Friday	29201	92315	4389	0	0
5	BDL	Friday	374226	967673	44210	0	0
5	BET	Friday	20354	17704	1591	0	0
5	BFL	Friday	24737	69439	3927	0	0
5	BGM	Friday	2479	21722	1010	0	0
5	BGR	Friday	46654	101478	4469	0	0
5	BHM	Friday	236659	502661	27136	0	0
5	BIL	Friday	15348	95637	5426	0	0
5	BIS	Friday	479	47164	2693	0	0
5	BJI	Friday	107	630	27	0	0
5	BLI	Friday	-603	3000	157	0	0
5	BMI	Friday	40601	68836	3060	0	0
5	BNA	Friday	603981	1352482	75556	0	0
5	BOI	Friday	144421	308466	19666	0	0
5	BOS	Friday	2002018	4371387	159347	0	0
5	BPT	Friday	-810	23131	1253	0	0
5	BQK	Friday	8652	19994	1007	0	0
5	BQN	Friday	1738	19484	933	0	0
5	BRO	Friday	3330	36145	1665	0	0
5	BRW	Friday	12094	8412	956	0	0
5	BTM	Friday	-890	14009	907	0	0
5	BTR	Friday	105753	210642	9958	0	0
5	BTV	Friday	116177	187648	7768	0	0
5	BUF	Friday	317139	638104	30122	0	0
5	BUR	Friday	416667	634669	38091	0	0
5	BWI	Friday	1329380	2479269	132075	0	0
5	BZN	Friday	15817	97309	4813	0	0
5	CAE	Friday	134234	251082	10794	0	0
5	CAK	Friday	75914	179899	7660	0	0
5	CDC	Friday	1718	7911	566	0	0
5	CDV	Friday	10841	9929	908	0	0
5	CEC	Friday	13269	12472	890	0	0
5	CHA	Friday	34727	89792	4483	0	0
5	CHO	Friday	10156	29869	1703	0	0
5	CHS	Friday	135793	313835	13946	0	0
5	CIC	Friday	12302	15774	1035	0	0
5	CID	Friday	78740	186985	9178	0	0
5	CKB	Friday	-5	16	1	0	0
5	CLD	Friday	10960	30038	2095	0	0
5	CLE	Friday	815644	2392799	100923	0	0
5	CLL	Friday	4624	59710	2923	0	0
5	CLT	Friday	1460587	3721437	153336	0	0
5	CMH	Friday	456294	984532	47957	0	0
5	CMI	Friday	31355	61934	2921	0	0
5	CMX	Friday	1256	2178	85	0	0
5	COD	Friday	-1260	15583	938	0	0
5	COS	Friday	110622	420056	17369	0	0
5	CPR	Friday	10943	44361	2673	0	0
5	CRP	Friday	59732	160335	8873	0	0
5	CRW	Friday	33487	89860	4151	0	0
5	CSG	Friday	17185	29163	1446	0	0
5	CVG	Friday	1235357	3898192	150258	0	0
5	CWA	Friday	10346	17153	773	0	0
5	DAB	Friday	51858	83976	3607	0	0
5	DAL	Friday	761574	848603	65857	0	0
5	DAY	Friday	136380	398396	17146	0	0
5	DBQ	Friday	11541	28390	1417	0	0
5	DCA	Friday	920399	2746399	113833	0	0
5	DEN	Friday	2233993	4884795	225363	0	0
5	DFW	Friday	3574738	9388156	385080	0	0
5	DHN	Friday	20555	30240	1513	0	0
5	DLG	Friday	6792	2560	266	0	0
5	DLH	Friday	9123	40712	2037	0	0
5	DRO	Friday	6149	40278	2088	0	0
5	DSM	Friday	123616	318875	14762	0	0
5	DTW	Friday	2243515	5078594	191964	0	0
5	DUT	Friday	4511	2827	317	0	0
5	EAU	Friday	313	355	13	0	0
5	EFD	Friday	312	7591	427	0	0
5	EGE	Friday	21646	61097	2156	0	0
5	EKO	Friday	5837	24353	1873	0	0
5	ELM	Friday	2763	14835	714	0	0
5	ELP	Friday	191567	474476	28870	0	0
5	ERI	Friday	1867	25337	1218	0	0
5	EUG	Friday	41829	83980	5547	0	0
5	EVV	Friday	42788	107786	4893	0	0
5	EWN	Friday	3310	4303	205	0	0
5	EWR	Friday	3059659	6491389	182102	0	0
5	EYW	Friday	17881	28569	1382	0	0
5	FAI	Friday	46454	101200	6621	0	0
5	FAR	Friday	21985	97150	4766	0	0
5	FAT	Friday	87481	230925	13430	0	0
5	FAY	Friday	27009	40915	1859	0	0
5	FCA	Friday	3392	55928	3143	0	0
5	FLG	Friday	6224	15954	757	0	0
5	FLL	Friday	931633	1925019	79004	0	0
5	FLO	Friday	7204	14750	744	0	0
5	FNT	Friday	45539	143099	6356	0	0
5	FSD	Friday	39183	123544	5858	0	0
5	FSM	Friday	8496	55581	2741	0	0
5	FWA	Friday	51957	126325	5813	0	0
5	GCC	Friday	1952	3155	144	0	0
5	GEG	Friday	110645	295143	18324	0	0
5	GFK	Friday	3428	21537	1273	0	0
5	GGG	Friday	1299	28952	1377	0	0
5	GJT	Friday	21768	62240	3737	0	0
5	GNV	Friday	20748	36986	1849	0	0
5	GPT	Friday	57042	128912	6146	0	0
5	GRB	Friday	52181	154693	7440	0	0
5	GRK	Friday	20119	64232	3168	0	0
5	GRR	Friday	137441	412561	17797	0	0
5	GSO	Friday	180053	462246	19287	0	0
5	GSP	Friday	99434	317897	13597	0	0
5	GST	Friday	1627	2886	113	0	0
5	GTF	Friday	-5299	57080	3636	0	0
5	GTR	Friday	10699	23590	1062	0	0
5	GUC	Friday	4087	13736	633	0	0
5	HDN	Friday	17958	39335	1573	0	0
5	HHH	Friday	4815	5874	250	0	0
5	HKY	Friday	639	1529	87	0	0
5	HLN	Friday	313	36203	2011	0	0
5	HNL	Friday	137866	933210	49286	0	0
5	HOU	Friday	838138	1031066	75826	0	0
5	HPN	Friday	170448	298862	10513	0	0
5	HRL	Friday	56745	83503	6728	0	0
5	HSV	Friday	80613	243526	10567	0	0
5	HTS	Friday	436	10072	657	0	0
5	HVN	Friday	894	5983	230	0	0
5	IAD	Friday	1258806	2842860	110931	0	0
5	IAH	Friday	1558171	6155368	237314	0	0
5	ICT	Friday	106245	293752	13165	0	0
5	IDA	Friday	5295	44977	2699	0	0
5	ILE	Friday	-1670	41573	1978	0	0
5	ILG	Friday	1637	2626	107	0	0
5	ILM	Friday	28193	73242	3920	0	0
5	IND	Friday	402933	1142260	51515	0	0
5	INL	Friday	-120	728	39	0	0
5	IPL	Friday	5511	12029	845	0	0
5	ISO	Friday	2989	3950	198	0	0
5	ISP	Friday	75663	214535	14424	0	0
5	ITH	Friday	1730	6298	350	0	0
5	ITO	Friday	11864	60585	5134	0	0
5	IYK	Friday	-2783	16042	885	0	0
5	JAC	Friday	32061	73756	3367	0	0
5	JAN	Friday	101548	252146	13815	0	0
5	JAX	Friday	351784	749292	37565	0	0
5	JFK	Friday	1864116	4272696	109311	0	0
5	JNU	Friday	79142	94655	5551	0	0
5	KOA	Friday	37312	140452	10085	0	0
5	KTN	Friday	28638	48726	3064	0	0
5	LAN	Friday	28792	107337	5163	0	0
5	LAS	Friday	2310032	4583278	204842	0	0
5	LAW	Friday	3288	57822	2624	0	0
5	LAX	Friday	2389648	6129470	286551	0	0
5	LBB	Friday	91714	167489	11266	0	0
5	LCH	Friday	8383	27875	1200	0	0
5	LEX	Friday	81721	209822	9337	0	0
5	LFT	Friday	28823	103679	4539	0	0
5	LGA	Friday	2215101	5290882	149353	0	0
5	LGB	Friday	56630	268191	12272	0	0
5	LIH	Friday	19514	114877	10547	0	0
5	LIT	Friday	189783	394016	21033	0	0
5	LMT	Friday	1321	1305	72	0	0
5	LNK	Friday	31553	59724	2850	0	0
5	LNY	Friday	-246	6016	39	0	0
5	LRD	Friday	12053	54336	2702	0	0
5	LSE	Friday	19432	42514	2122	0	0
5	LWB	Friday	1680	3520	183	0	0
5	LWS	Friday	844	7039	399	0	0
5	LYH	Friday	6012	15134	824	0	0
5	MAF	Friday	73544	142050	9943	0	0
5	MAZ	Friday	38	446	21	0	0
5	MBS	Friday	20656	90648	4155	0	0
5	MCI	Friday	556955	1446491	78403	0	0
5	MCN	Friday	9718	24309	1002	0	0
5	MCO	Friday	1229553	2920493	138304	0	0
5	MDT	Friday	84717	216742	9916	0	0
5	MDW	Friday	1122887	1948090	104795	0	0
5	MEI	Friday	9830	21623	892	0	0
5	MEM	Friday	691463	1784263	73961	0	0
5	MFE	Friday	23323	96016	4860	0	0
5	MFR	Friday	46830	74913	5226	0	0
5	MGM	Friday	42766	71036	3227	0	0
5	MHT	Friday	237096	509373	25060	0	0
5	MIA	Friday	969502	2148811	82350	0	0
5	MIB	Friday	-152	143	11	0	0
5	MKE	Friday	282635	687831	29819	0	0
5	MKG	Friday	552	808	64	0	0
5	MKK	Friday	-374	287	39	0	0
5	MLB	Friday	25863	61012	2712	0	0
5	MLI	Friday	59990	125638	5852	0	0
5	MLU	Friday	19975	58286	2999	0	0
5	MOB	Friday	51523	125026	6048	0	0
5	MOD	Friday	22591	27915	1715	0	0
5	MOT	Friday	-35	23237	1377	0	0
5	MQT	Friday	9541	14201	848	0	0
5	MRY	Friday	57035	122231	7267	0	0
5	MSN	Friday	110956	270553	11904	0	0
5	MSO	Friday	8374	72707	4152	0	0
5	MSP	Friday	1587761	4780741	182869	0	0
5	MSY	Friday	448114	999154	58436	0	0
5	MTH	Friday	220	402	15	0	0
5	MTJ	Friday	8574	39971	2182	0	0
5	MYR	Friday	49975	128624	6483	0	0
5	OAJ	Friday	5886	7576	347	0	0
5	OAK	Friday	866979	1423582	88372	0	0
5	OGD	Friday	252	25	2	0	0
5	OGG	Friday	50749	263607	18784	0	0
5	OKC	Friday	235681	541153	29508	0	0
5	OMA	Friday	201207	560217	28386	0	0
5	OME	Friday	20922	13683	1328	0	0
5	ONT	Friday	414644	766150	47844	0	0
5	ORD	Friday	6762990	11328272	441381	0	0
5	ORF	Friday	241003	519251	25484	0	0
5	ORH	Friday	1083	3408	160	0	0
5	OTH	Friday	1310	1335	71	0	0
5	OTZ	Friday	18652	12602	1231	0	0
5	OXR	Friday	246	24058	1379	0	0
5	PBI	Friday	358012	732636	33704	0	0
5	PDX	Friday	475146	1265611	72614	0	0
5	PFN	Friday	35179	56253	2593	0	0
5	PHF	Friday	61698	106269	4893	0	0
5	PHL	Friday	2317572	4490096	145586	0	0
5	PHX	Friday	2197289	5106830	243719	0	0
5	PIA	Friday	42129	96702	4304	0	0
5	PIE	Friday	1020	16070	759	0	0
5	PIH	Friday	-747	24204	1546	0	0
5	PIR	Friday	77	18	1	0	0
5	PIT	Friday	869464	2021852	87985	0	0
5	PLN	Friday	984	2843	108	0	0
5	PMD	Friday	1997	3225	167	0	0
5	PNS	Friday	79154	200627	9893	0	0
5	PSC	Friday	8205	50293	3117	0	0
5	PSE	Friday	-51	8079	358	0	0
5	PSG	Friday	13008	9000	871	0	0
5	PSP	Friday	89029	235247	12924	0	0
5	PVD	Friday	304184	699561	35438	0	0
5	PWM	Friday	133855	243553	10382	0	0
5	RAP	Friday	13478	77576	4297	0	0
5	RDD	Friday	21114	24089	1648	0	0
5	RDM	Friday	18065	39385	2772	0	0
5	RDR	Friday	-38	88	6	0	0
5	RDU	Friday	756805	1506394	70114	0	0
5	RFD	Friday	1339	5746	234	0	0
5	RHI	Friday	281	1226	65	0	0
5	RIC	Friday	260770	524020	23122	0	0
5	RKS	Friday	1509	2548	126	0	0
5	RNO	Friday	343716	581454	35548	0	0
5	ROA	Friday	37729	81498	3894	0	0
5	ROC	Friday	246760	487282	19936	0	0
5	ROW	Friday	1404	3011	175	0	0
5	RST	Friday	24135	67395	3326	0	0
5	RSW	Friday	232313	598350	27433	0	0
5	SAN	Friday	837831	2199290	111225	0	0
5	SAT	Friday	382801	940699	53324	0	0
5	SAV	Friday	137990	306387	13352	0	0
5	SBA	Friday	79131	211264	12679	0	0
5	SBN	Friday	39540	83909	3838	0	0
5	SBP	Friday	39508	108259	5889	0	0
5	SCC	Friday	4523	6168	606	0	0
5	SCE	Friday	669	18496	916	0	0
5	SDF	Friday	273659	549023	28403	0	0
5	SEA	Friday	1262439	2930748	136733	0	0
5	SFO	Friday	1711930	3841682	163154	0	0
5	SGF	Friday	90891	184404	8563	0	0
5	SGU	Friday	10479	40701	2768	0	0
5	SHV	Friday	59394	190977	9201	0	0
5	SIT	Friday	14388	25300	1660	0	0
5	SJC	Friday	705680	1603692	83541	0	0
5	SJT	Friday	440	46195	2385	0	0
5	SJU	Friday	204066	728139	30006	0	0
5	SLC	Friday	1080056	3743514	155449	0	0
5	SLE	Friday	-575	2914	138	0	0
5	SMF	Friday	596156	990718	62799	0	0
5	SMX	Friday	5668	29507	1665	0	0
5	SNA	Friday	459557	1299263	62170	0	0
5	SOP	Friday	1548	1213	51	0	0
5	SPI	Friday	13599	16000	679	0	0
5	SPS	Friday	1765	59169	2514	0	0
5	SRQ	Friday	48133	153817	7296	0	0
5	STL	Friday	1171395	2860800	128630	0	0
5	STT	Friday	22819	81728	3671	0	0
5	STX	Friday	4569	16576	688	0	0
5	SUN	Friday	2269	35746	2569	0	0
5	SUX	Friday	403	4268	233	0	0
5	SWF	Friday	32447	78881	3180	0	0
5	SYR	Friday	173679	388001	15943	0	0
5	TEX	Friday	1683	1950	84	0	0
5	TLH	Friday	41216	98450	4694	0	0
5	TOL	Friday	20754	76881	3849	0	0
5	TPA	Friday	772837	1827840	92514	0	0
5	TRI	Friday	16993	51218	2400	0	0
5	TTN	Friday	2622	3440	134	0	0
5	TUL	Friday	204292	528729	28896	0	0
5	TUP	Friday	2448	5740	290	0	0
5	TUS	Friday	180475	509191	27382	0	0
5	TVC	Friday	42229	77095	3542	0	0
5	TWF	Friday	5066	24497	1706	0	0
5	TXK	Friday	1014	32353	1679	0	0
5	TYR	Friday	-1671	62113	2969	0	0
5	TYS	Friday	98653	306111	13402	0	0
5	VCT	Friday	452	5814	372	0	0
5	VIS	Friday	-1099	2780	272	0	0
5	VLD	Friday	14917	20185	1038	0	0
5	VPS	Friday	61914	132229	6124	0	0
5	WRG	Friday	8838	9213	878	0	0
5	WYS	Friday	-190	2806	208	0	0
5	XNA	Friday	126663	301599	13036	0	0
5	YAK	Friday	9587	9254	900	0	0
5	YKM	Friday	1299	1942	111	0	0
5	YUM	Friday	15724	38281	2128	0	0
