7	ABE	Sunday	28275	134757	5530	0	0
7	ABI	Sunday	7182	57752	3039	0	0
7	ABQ	Sunday	191211	768229	47082	0	0
7	ABY	Sunday	11529	21540	1120	0	0
7	ACK	Sunday	7097	6859	255	0	0
7	ACT	Sunday	966	61628	2908	0	0
7	ACV	Sunday	35750	40503	2987	0	0
7	ACY	Sunday	3135	13493	588	0	0
7	ADK	Sunday	3252	2671	258	0	0
7	ADQ	Sunday	8096	8420	840	0	0
7	AEX	Sunday	19063	52304	2329	0	0
7	AGS	Sunday	27632	59822	2656	0	0
7	AKN	Sunday	8325	5511	598	0	0
7	ALB	Sunday	91498	373734	18984	0	0
7	ALO	Sunday	1	607	25	0	0
7	AMA	Sunday	58795	137511	9050	0	0
7	ANC	Sunday	152300	451679	25105	0	0
7	APF	Sunday	4543	8907	388	0	0
7	ASE	Sunday	31671	42130	2008	0	0
7	ATL	Sunday	4999577	14720953	448982	0	0
7	ATW	Sunday	24634	64636	2769	0	0
7	AUS	Sunday	253403	982137	52730	0	0
7	AVL	Sunday	35956	84151	3866	0	0
7	AVP	Sunday	18673	62569	2476	0	0
7	AZO	Sunday	17642	84325	4121	0	0
7	BDL	Sunday	181755	860508	41440	0	0
7	BET	Sunday	10846	10482	1015	0	0
7	BFF	Sunday	93	6	1	0	0
7	BFL	Sunday	10098	66169	3774	0	0
7	BGM	Sunday	1511	21877	1006	0	0
7	BGR	Sunday	19380	86818	4494	0	0
7	BHM	Sunday	134181	451656	25333	0	0
7	BIL	Sunday	7157	93858	5410	0	0
7	BIS	Sunday	6371	41797	2448	0	0
7	BJI	Sunday	285	605	28	0	0
7	BLI	Sunday	-813	2980	158	0	0
7	BMI	Sunday	36477	72414	3245	0	0
7	BNA	Sunday	369721	1232533	70115	0	0
7	BOI	Sunday	82333	287152	18538	0	0
7	BOS	Sunday	923411	3645009	142680	0	0
7	BPT	Sunday	-159	21422	1142	0	0
7	BQK	Sunday	9633	17791	971	0	0
7	BQN	Sunday	-594	18944	938	0	0
7	BRO	Sunday	3933	32681	1469	0	0
7	BRW	Sunday	7184	7333	913	0	0
7	BTM	Sunday	536	13853	881	0	0
7	BTR	Sunday	92466	203404	9696	0	0
7	BTV	Sunday	62386	173136	7712	0	0
7	BUF	Sunday	201076	586802	28630	0	0
7	BUR	Sunday	295613	552456	34833	0	0
7	BWI	Sunday	833237	2258272	124381	0	0
7	BZN	Sunday	20957	102490	5016	0	0
7	CAE	Sunday	89332	233682	10313	0	0
7	CAK	Sunday	57442	171792	7467	0	0
7	CDC	Sunday	1461	6171	477	0	0
7	CDV	Sunday	6666	9869	910	0	0
7	CEC	Sunday	11595	12075	772	0	0
7	CHA	Sunday	30112	85905	4138	0	0
7	CHO	Sunday	4730	30932	1663	0	0
7	CHS	Sunday	81312	298269	13636	0	0
7	CIC	Sunday	11547	15233	1003	0	0
7	CID	Sunday	55245	176502	8426	0	0
7	CKB	Sunday	24	11	1	0	0
7	CLD	Sunday	7017	25431	1810	0	0
7	CLE	Sunday	407334	1908347	83748	0	0
7	CLL	Sunday	4203	56280	2763	0	0
7	CLT	Sunday	942515	3407705	146439	0	0
7	CMH	Sunday	266216	901970	44300	0	0
7	CMI	Sunday	20224	59990	2864	0	0
7	CMX	Sunday	393	1485	65	0	0
7	COD	Sunday	-745	15548	934	0	0
7	COS	Sunday	104851	408891	17087	0	0
7	CPR	Sunday	12520	42638	2583	0	0
7	CRP	Sunday	47527	147909	8113	0	0
7	CRW	Sunday	24709	85911	3915	0	0
7	CSG	Sunday	10564	27371	1412	0	0
7	CVG	Sunday	844309	3614860	141270	0	0
7	CWA	Sunday	9838	17380	795	0	0
7	DAB	Sunday	37134	87594	3780	0	0
7	DAL	Sunday	506416	690711	55403	0	0
7	DAY	Sunday	90862	366610	15986	0	0
7	DBQ	Sunday	7704	27050	1366	0	0
7	DCA	Sunday	489146	2338388	101212	0	0
7	DEN	Sunday	2052226	4791280	221591	0	0
7	DFW	Sunday	3078583	9102884	375510	0	0
7	DHN	Sunday	13905	28752	1462	0	0
7	DLG	Sunday	3153	1983	215	0	0
7	DLH	Sunday	7288	32814	1655	0	0
7	DRO	Sunday	10392	40594	2147	0	0
7	DSM	Sunday	90396	294902	13722	0	0
7	DTW	Sunday	1705554	4642239	178945	0	0
7	DUT	Sunday	2337	2590	289	0	0
7	EFD	Sunday	652	5575	313	0	0
7	EGE	Sunday	40186	77864	2525	0	0
7	EKO	Sunday	899	22797	1767	0	0
7	ELM	Sunday	1323	13008	638	0	0
7	ELP	Sunday	126920	430846	26597	0	0
7	ERI	Sunday	1048	25392	1183	0	0
7	EUG	Sunday	36092	81952	5366	0	0
7	EVV	Sunday	30074	94102	4355	0	0
7	EWN	Sunday	4235	4334	203	0	0
7	EWR	Sunday	1436899	5218291	163463	0	0
7	EYW	Sunday	16520	29363	1381	0	0
7	FAI	Sunday	25438	93718	6330	0	0
7	FAR	Sunday	18582	86747	4284	0	0
7	FAT	Sunday	55358	219622	13062	0	0
7	FAY	Sunday	20791	38163	1712	0	0
7	FCA	Sunday	3693	55536	3124	0	0
7	FLG	Sunday	1785	15185	758	0	0
7	FLL	Sunday	671016	1918562	78031	0	0
7	FLO	Sunday	5858	13439	717	0	0
7	FNT	Sunday	38312	133928	6030	0	0
7	FSD	Sunday	29782	112393	5412	0	0
7	FSM	Sunday	5657	53832	2694	0	0
7	FWA	Sunday	36442	124725	5620	0	0
7	GCC	Sunday	2710	3011	147	0	0
7	GEG	Sunday	71285	270141	16907	0	0
7	GFK	Sunday	6232	15100	873	0	0
7	GGG	Sunday	-1620	28383	1367	0	0
7	GJT	Sunday	19718	62154	3695	0	0
7	GNV	Sunday	21133	33949	1729	0	0
7	GPT	Sunday	51890	137204	6249	0	0
7	GRB	Sunday	38484	145376	6767	0	0
7	GRK	Sunday	22047	62140	3037	0	0
7	GRR	Sunday	92092	368550	16508	0	0
7	GSO	Sunday	102518	417841	17502	0	0
7	GSP	Sunday	54539	291209	12711	0	0
7	GST	Sunday	679	1452	111	0	0
7	GTF	Sunday	-5560	57723	3620	0	0
7	GTR	Sunday	9871	22014	1017	0	0
7	GUC	Sunday	4365	16705	742	0	0
7	HDN	Sunday	26170	50131	1861	0	0
7	HHH	Sunday	6113	6137	260	0	0
7	HKY	Sunday	206	1539	94	0	0
7	HLN	Sunday	-394	36764	1931	0	0
7	HNL	Sunday	77353	889464	47628	0	0
7	HOU	Sunday	562774	883453	67204	0	0
7	HPN	Sunday	66564	196953	7819	0	0
7	HRL	Sunday	38078	78798	6302	0	0
7	HSV	Sunday	51710	221926	9781	0	0
7	HTS	Sunday	-255	8802	558	0	0
7	HVN	Sunday	1099	3347	230	0	0
7	IAD	Sunday	787175	2596899	106684	0	0
7	IAH	Sunday	1295318	5706164	220327	0	0
7	ICT	Sunday	88434	283864	12430	0	0
7	IDA	Sunday	3922	44175	2677	0	0
7	ILE	Sunday	-256	40342	1901	0	0
7	ILG	Sunday	1579	1944	76	0	0
7	ILM	Sunday	21460	75926	3752	0	0
7	IND	Sunday	240618	1050221	48395	0	0
7	INL	Sunday	31	807	39	0	0
7	IPL	Sunday	3636	9536	686	0	0
7	ISO	Sunday	1615	3791	189	0	0
7	ISP	Sunday	31242	204140	13681	0	0
7	ITH	Sunday	1032	5946	352	0	0
7	ITO	Sunday	5086	55288	4741	0	0
7	IYK	Sunday	-817	13987	760	0	0
7	JAC	Sunday	35579	86818	3847	0	0
7	JAN	Sunday	61768	236369	13037	0	0
7	JAX	Sunday	223208	716040	36199	0	0
7	JFK	Sunday	1344077	4008749	108722	0	0
7	JNU	Sunday	56845	93762	5617	0	0
7	KOA	Sunday	28111	133265	9713	0	0
7	KTN	Sunday	19811	46977	3055	0	0
7	LAN	Sunday	20769	94367	4624	0	0
7	LAS	Sunday	2148072	4689704	202533	0	0
7	LAW	Sunday	-929	56288	2550	0	0
7	LAX	Sunday	1883042	5838919	278422	0	0
7	LBB	Sunday	65257	156990	10570	0	0
7	LCH	Sunday	6928	25181	1073	0	0
7	LEX	Sunday	59129	201401	8582	0	0
7	LFT	Sunday	28657	97582	4142	0	0
7	LGA	Sunday	399294	3912800	131314	0	0
7	LGB	Sunday	40076	254306	11925	0	0
7	LIH	Sunday	1271	109716	10191	0	0
7	LIT	Sunday	118632	361168	19505	0	0
7	LMT	Sunday	1177	949	63	0	0
7	LNK	Sunday	28604	58014	2812	0	0
7	LNY	Sunday	-189	332	39	0	0
7	LRD	Sunday	13005	49683	2414	0	0
7	LSE	Sunday	13992	37364	1815	0	0
7	LWB	Sunday	2103	4067	214	0	0
7	LWS	Sunday	809	7151	401	0	0
7	LYH	Sunday	2892	14608	812	0	0
7	MAF	Sunday	55682	130055	8946	0	0
7	MAZ	Sunday	68	377	19	0	0
7	MBS	Sunday	22890	78271	3614	0	0
7	MCI	Sunday	331982	1332496	72323	0	0
7	MCN	Sunday	13193	24149	1123	0	0
7	MCO	Sunday	885319	2919548	139987	0	0
7	MDT	Sunday	45811	197772	9385	0	0
7	MDW	Sunday	660246	1688386	95288	0	0
7	MEI	Sunday	8932	18595	857	0	0
7	MEM	Sunday	512455	1690910	72063	0	0
7	MFE	Sunday	23089	92200	4632	0	0
7	MFR	Sunday	44153	72092	4945	0	0
7	MGM	Sunday	32802	70597	3170	0	0
7	MHT	Sunday	89076	440458	23392	0	0
7	MIA	Sunday	833039	2205235	85376	0	0
7	MIB	Sunday	-278	135	12	0	0
7	MKE	Sunday	168383	619592	27442	0	0
7	MKG	Sunday	168	570	45	0	0
7	MKK	Sunday	-190	340	39	0	0
7	MLB	Sunday	20000	58965	2593	0	0
7	MLI	Sunday	48575	123993	5493	0	0
7	MLU	Sunday	18385	57120	2910	0	0
7	MOB	Sunday	38548	124872	5926	0	0
7	MOD	Sunday	17920	23512	1467	0	0
7	MOT	Sunday	3339	23060	1368	0	0
7	MQT	Sunday	3043	14209	811	0	0
7	MRY	Sunday	48884	121953	7212	0	0
7	MSN	Sunday	77701	242094	10879	0	0
7	MSO	Sunday	7739	72504	4108	0	0
7	MSP	Sunday	1158293	4478127	175503	0	0
7	MSY	Sunday	315294	968229	56112	0	0
7	MTH	Sunday	327	383	16	0	0
7	MTJ	Sunday	12053	43069	2256	0	0
7	MYR	Sunday	38422	147522	7469	0	0
7	OAJ	Sunday	4046	7993	353	0	0
7	OAK	Sunday	603793	1261991	82209	0	0
7	OGD	Sunday	77	14	1	0	0
7	OGG	Sunday	45061	253979	18280	0	0
7	OKC	Sunday	141881	499483	27392	0	0
7	OMA	Sunday	142361	531399	26889	0	0
7	OME	Sunday	9880	12645	1333	0	0
7	ONT	Sunday	277715	679285	44027	0	0
7	ORD	Sunday	5160301	10755297	424278	0	0
7	ORF	Sunday	154557	488609	24205	0	0
7	ORH	Sunday	279	3283	156	0	0
7	OTH	Sunday	2028	1227	67	0	0
7	OTZ	Sunday	10681	11482	1217	0	0
7	OXR	Sunday	71	20754	1233	0	0
7	PBI	Sunday	231432	734979	33369	0	0
7	PDX	Sunday	309752	1184308	69628	0	0
7	PFN	Sunday	29593	55262	2833	0	0
7	PHF	Sunday	40644	105397	4843	0	0
7	PHL	Sunday	1216843	3804313	135716	0	0
7	PHX	Sunday	1523605	4777016	235837	0	0
7	PIA	Sunday	33980	100748	4269	0	0
7	PIE	Sunday	620	15441	756	0	0
7	PIH	Sunday	-1489	22694	1536	0	0
7	PIR	Sunday	0	38	2	0	0
7	PIT	Sunday	531511	1861618	84142	0	0
7	PLN	Sunday	510	2885	111	0	0
7	PMD	Sunday	2544	2102	105	0	0
7	PNS	Sunday	59365	190194	9583	0	0
7	PSC	Sunday	6133	48239	2961	0	0
7	PSE	Sunday	-414	7522	348	0	0
7	PSG	Sunday	10054	8929	868	0	0
7	PSP	Sunday	96564	244749	13282	0	0
7	PUB	Sunday	101	13	1	0	0
7	PVD	Sunday	122674	627643	33724	0	0
7	PVU	Sunday	0	17	1	0	0
7	PWM	Sunday	77121	224384	10434	0	0
7	RAP	Sunday	16322	76226	4197	0	0
7	RDD	Sunday	18729	23588	1635	0	0
7	RDM	Sunday	14694	37946	2631	0	0
7	RDR	Sunday	54	114	6	0	0
7	RDU	Sunday	394692	1321146	63521	0	0
7	RFD	Sunday	686	3525	152	0	0
7	RHI	Sunday	424	808	47	0	0
7	RIC	Sunday	143451	478523	21349	0	0
7	RKS	Sunday	1128	2581	134	0	0
7	RNO	Sunday	281206	558626	34451	0	0
7	ROA	Sunday	31262	80644	3734	0	0
7	ROC	Sunday	145318	416284	18382	0	0
7	ROW	Sunday	1087	3001	175	0	0
7	RST	Sunday	17714	59515	2860	0	0
7	RSW	Sunday	150454	611519	27789	0	0
7	SAN	Sunday	611517	2067168	107976	0	0
7	SAT	Sunday	239135	886511	50211	0	0
7	SAV	Sunday	95277	308326	13405	0	0
7	SBA	Sunday	70256	200502	12077	0	0
7	SBN	Sunday	35826	79694	3787	0	0
7	SBP	Sunday	32266	106931	6017	0	0
7	SCC	Sunday	1787	5109	524	0	0
7	SCE	Sunday	236	17443	902	0	0
7	SDF	Sunday	167759	496450	26126	0	0
7	SEA	Sunday	963615	2784660	132151	0	0
7	SFO	Sunday	1380299	3707302	159117	0	0
7	SGF	Sunday	61153	180356	8333	0	0
7	SGU	Sunday	6919	38773	2620	0	0
7	SHV	Sunday	43741	181465	8851	0	0
7	SIT	Sunday	7012	24852	1673	0	0
7	SJC	Sunday	430724	1400647	76752	0	0
7	SJT	Sunday	-1035	44958	2306	0	0
7	SJU	Sunday	262021	867608	35294	0	0
7	SLC	Sunday	756748	3572758	152596	0	0
7	SLE	Sunday	-909	2576	130	0	0
7	SMF	Sunday	418019	923358	58800	0	0
7	SMX	Sunday	2896	27921	1587	0	0
7	SNA	Sunday	362534	1076195	54080	0	0
7	SOP	Sunday	1602	1270	55	0	0
7	SPI	Sunday	9414	13122	606	0	0
7	SPS	Sunday	-1434	57135	2528	0	0
7	SRQ	Sunday	39863	156621	7453	0	0
7	STL	Sunday	513232	2550569	119921	0	0
7	STT	Sunday	21278	97734	4325	0	0
7	STX	Sunday	2117	15554	665	0	0
7	SUN	Sunday	3218	33740	2471	0	0
7	SUX	Sunday	1101	2896	161	0	0
7	SWF	Sunday	20562	73144	3148	0	0
7	SYR	Sunday	90849	346030	15052	0	0
7	TEX	Sunday	1409	1947	81	0	0
7	TLH	Sunday	29287	92523	4475	0	0
7	TOL	Sunday	12647	77646	3747	0	0
7	TPA	Sunday	439588	1750266	90690	0	0
7	TRI	Sunday	16251	44064	2324	0	0
7	TTN	Sunday	338	2157	91	0	0
7	TUL	Sunday	127694	489916	26388	0	0
7	TUP	Sunday	1208	4907	255	0	0
7	TUS	Sunday	109066	488506	26982	0	0
7	TVC	Sunday	38281	82115	3840	0	0
7	TWF	Sunday	6497	25151	1781	0	0
7	TXK	Sunday	467	28909	1491	0	0
7	TYR	Sunday	586	59863	2827	0	0
7	TYS	Sunday	62180	287310	12643	0	0
7	VCT	Sunday	-392	5238	337	0	0
7	VIS	Sunday	-330	2603	251	0	0
7	VLD	Sunday	8574	20913	1028	0	0
7	VPS	Sunday	45742	132770	6184	0	0
7	WRG	Sunday	6665	8996	876	0	0
7	WYS	Sunday	-218	3653	268	0	0
7	XNA	Sunday	96175	247294	10423	0	0
7	YAK	Sunday	5255	8978	892	0	0
7	YKM	Sunday	1539	1994	103	0	0
7	YUM	Sunday	8921	35663	1997	0	0
