1	ABE	Monday	37352	153024	6546	0	0
1	ABI	Monday	13206	61428	3162	0	0
1	ABQ	Monday	169905	799650	49420	0	0
1	ABY	Monday	12512	21883	1147	0	0
1	ACK	Monday	8060	6904	244	0	0
1	ACT	Monday	2051	63071	3060	0	0
1	ACV	Monday	32761	43150	3342	0	0
1	ACY	Monday	2293	12377	518	0	0
1	ADQ	Monday	4657	8701	852	0	0
1	AEX	Monday	23234	60966	2517	0	0
1	AGS	Monday	33691	62846	2719	0	0
1	AKN	Monday	2480	2350	245	0	0
1	ALB	Monday	132570	414954	20321	0	0
1	ALO	Monday	1500	2160	82	0	0
1	AMA	Monday	43141	145868	9619	0	0
1	ANC	Monday	131285	459774	25800	0	0
1	APF	Monday	5629	9783	397	0	0
1	ASE	Monday	21804	36343	1819	0	0
1	ATL	Monday	5291723	15142312	457840	0	0
1	ATW	Monday	39850	76305	3217	0	0
1	AUS	Monday	264185	1068743	57881	0	0
1	AVL	Monday	45328	90579	3961	0	0
1	AVP	Monday	29063	66821	2652	0	0
1	AZO	Monday	33245	94269	4427	0	0
1	BDL	Monday	211499	930504	44108	0	0
1	BET	Monday	9127	16476	1593	0	0
1	BFL	Monday	15514	66975	3888	0	0
1	BGM	Monday	3760	23365	1012	0	0
1	BGR	Monday	43118	92355	4503	0	0
1	BHM	Monday	136924	491989	27231	0	0
1	BIL	Monday	12721	99660	5450	0	0
1	BIS	Monday	4261	46744	2692	0	0
1	BJI	Monday	376	648	29	0	0
1	BLI	Monday	-196	2875	158	0	0
1	BMI	Monday	43567	69568	3102	0	0
1	BNA	Monday	355614	1322449	75723	0	0
1	BOI	Monday	83083	304973	19679	0	0
1	BOS	Monday	1201360	4166811	158948	0	0
1	BPT	Monday	1309	23073	1232	0	0
1	BQK	Monday	9605	18046	992	0	0
1	BQN	Monday	1065	19441	938	0	0
1	BRO	Monday	10448	36550	1635	0	0
1	BRW	Monday	6390	7536	925	0	0
1	BTM	Monday	-329	13501	889	0	0
1	BTR	Monday	112335	209374	9911	0	0
1	BTV	Monday	82437	184254	7787	0	0
1	BUF	Monday	232305	637227	30420	0	0
1	BUR	Monday	189752	596342	37831	0	0
1	BWI	Monday	698549	2381772	131858	0	0
1	BZN	Monday	21989	95666	4788	0	0
1	CAE	Monday	111973	244523	10801	0	0
1	CAK	Monday	79307	176209	7657	0	0
1	CDC	Monday	1001	7554	566	0	0
1	CDV	Monday	3903	9544	912	0	0
1	CEC	Monday	13170	12642	920	0	0
1	CHA	Monday	33617	88869	4488	0	0
1	CHO	Monday	7681	29753	1690	0	0
1	CHS	Monday	102238	309669	14033	0	0
1	CIC	Monday	11214	15793	1052	0	0
1	CID	Monday	81461	189658	9235	0	0
1	CKB	Monday	5	26	1	0	0
1	CLD	Monday	5436	29116	2101	0	0
1	CLE	Monday	592648	2357172	100484	0	0
1	CLL	Monday	3282	57145	2892	0	0
1	CLT	Monday	1067842	3683539	153974	0	0
1	CMH	Monday	325179	975224	48089	0	0
1	CMI	Monday	26459	61750	2943	0	0
1	CMX	Monday	1702	2168	83	0	0
1	COD	Monday	-12	15586	932	0	0
1	COS	Monday	93340	411001	17351	0	0
1	CPR	Monday	8285	44711	2692	0	0
1	CRP	Monday	59335	157888	8862	0	0
1	CRW	Monday	30834	78083	4128	0	0
1	CSG	Monday	12391	25273	1405	0	0
1	CVG	Monday	920174	3779677	150341	0	0
1	CWA	Monday	13322	18377	805	0	0
1	DAB	Monday	47992	83716	3625	0	0
1	DAL	Monday	348714	798993	64690	0	0
1	DAY	Monday	119444	388847	17222	0	0
1	DBQ	Monday	13769	28715	1430	0	0
1	DCA	Monday	558063	2696185	114385	0	0
1	DEN	Monday	1890926	4821573	226391	0	0
1	DFW	Monday	3215555	9279226	385746	0	0
1	DHN	Monday	17506	29349	1487	0	0
1	DLG	Monday	2132	2351	245	0	0
1	DLH	Monday	9114	40672	2042	0	0
1	DRO	Monday	3722	39479	2086	0	0
1	DSM	Monday	123509	323135	14792	0	0
1	DTW	Monday	1831304	5031490	193003	0	0
1	DUT	Monday	3304	2907	334	0	0
1	EAU	Monday	-80	259	12	0	0
1	EFD	Monday	1233	7527	408	0	0
1	EGE	Monday	18059	59863	2117	0	0
1	EKO	Monday	906	24122	1872	0	0
1	ELM	Monday	2284	15133	729	0	0
1	ELP	Monday	97150	456748	28855	0	0
1	ERI	Monday	381	25394	1228	0	0
1	EUG	Monday	35797	83801	5527	0	0
1	EVV	Monday	41029	105093	4886	0	0
1	EWN	Monday	4208	4208	201	0	0
1	EWR	Monday	1890127	6152252	183264	0	0
1	EYW	Monday	19285	28154	1376	0	0
1	FAI	Monday	20980	98861	6593	0	0
1	FAR	Monday	30856	98946	4781	0	0
1	FAT	Monday	73678	223783	13500	0	0
1	FAY	Monday	24300	36193	1840	0	0
1	FCA	Monday	1764	55402	3126	0	0
1	FLG	Monday	5389	15392	746	0	0
1	FLL	Monday	625686	1854555	78898	0	0
1	FLO	Monday	8535	13715	732	0	0
1	FNT	Monday	52634	141888	6369	0	0
1	FSD	Monday	42341	121687	5877	0	0
1	FSM	Monday	10443	55598	2743	0	0
1	FWA	Monday	58665	131474	5879	0	0
1	GCC	Monday	1546	3246	152	0	0
1	GEG	Monday	62091	288030	18291	0	0
1	GFK	Monday	4416	21190	1263	0	0
1	GGG	Monday	537	28551	1373	0	0
1	GJT	Monday	15757	61206	3734	0	0
1	GLH	Monday	0	15	1	0	0
1	GNV	Monday	24187	37871	1831	0	0
1	GPT	Monday	57229	129832	6107	0	0
1	GRB	Monday	63057	162548	7569	0	0
1	GRK	Monday	23650	65143	3149	0	0
1	GRR	Monday	137788	412890	17936	0	0
1	GSO	Monday	166344	474512	19462	0	0
1	GSP	Monday	95569	316975	13665	0	0
1	GST	Monday	746	1440	109	0	0
1	GTF	Monday	-6834	57783	3660	0	0
1	GTR	Monday	10162	22802	1053	0	0
1	GUC	Monday	4081	13581	626	0	0
1	HDN	Monday	13653	37623	1560	0	0
1	HHH	Monday	6219	5773	251	0	0
1	HKY	Monday	715	1671	92	0	0
1	HLN	Monday	-1192	37413	1988	0	0
1	HNL	Monday	6755	874620	47145	0	0
1	HOU	Monday	470047	991841	75206	0	0
1	HPN	Monday	110476	277560	10580	0	0
1	HRL	Monday	31981	83114	6694	0	0
1	HSV	Monday	80525	246760	10600	0	0
1	HTS	Monday	500	11284	667	0	0
1	HVN	Monday	1310	4097	243	0	0
1	IAD	Monday	920475	2761580	111482	0	0
1	IAH	Monday	1866318	6340155	235951	0	0
1	ICT	Monday	113764	301026	13245	0	0
1	IDA	Monday	2950	45024	2701	0	0
1	ILE	Monday	1725	42154	1985	0	0
1	ILG	Monday	1291	3004	111	0	0
1	ILM	Monday	28359	77864	3967	0	0
1	IND	Monday	285860	1126870	51846	0	0
1	INL	Monday	717	781	39	0	0
1	IPL	Monday	1295	12010	855	0	0
1	ISO	Monday	3374	7003	198	0	0
1	ISP	Monday	19519	209620	14533	0	0
1	ITH	Monday	63	5647	351	0	0
1	ITO	Monday	-6806	59097	5106	0	0
1	IYK	Monday	-2108	16481	895	0	0
1	JAC	Monday	27254	71955	3329	0	0
1	JAN	Monday	84978	255441	13763	0	0
1	JAX	Monday	235396	737038	37687	0	0
1	JFK	Monday	977693	3873934	109771	0	0
1	JNU	Monday	46130	92468	5544	0	0
1	KOA	Monday	14950	131551	9711	0	0
1	KTN	Monday	17316	48734	3065	0	0
1	LAN	Monday	30313	108987	5210	0	0
1	LAS	Monday	1392967	4317418	202723	0	0
1	LAW	Monday	2482	55662	2538	0	0
1	LAX	Monday	1367884	5916420	286208	0	0
1	LBB	Monday	53620	163759	11212	0	0
1	LCH	Monday	9780	27890	1180	0	0
1	LEX	Monday	76343	209527	9344	0	0
1	LFT	Monday	39528	104537	4481	0	0
1	LGA	Monday	1388530	5058343	150640	0	0
1	LGB	Monday	30561	261061	12277	0	0
1	LIH	Monday	-17796	105021	9806	0	0
1	LIT	Monday	126749	387413	21101	0	0
1	LMT	Monday	2485	1370	70	0	0
1	LNK	Monday	32753	59670	2865	0	0
1	LNY	Monday	-283	3141	37	0	0
1	LRD	Monday	17773	53263	2667	0	0
1	LSE	Monday	17812	42711	2131	0	0
1	LWB	Monday	2059	3259	156	0	0
1	LWS	Monday	227	7148	404	0	0
1	LYH	Monday	3699	14320	810	0	0
1	MAF	Monday	46320	139976	9986	0	0
1	MAZ	Monday	143	367	18	0	0
1	MBS	Monday	23197	91418	4188	0	0
1	MCI	Monday	343971	1421533	78524	0	0
1	MCN	Monday	17519	20361	984	0	0
1	MCO	Monday	842276	2839740	137951	0	0
1	MDT	Monday	75638	220395	9973	0	0
1	MDW	Monday	696777	1906032	104367	0	0
1	MEI	Monday	9297	20512	867	0	0
1	MEM	Monday	482609	1701705	74306	0	0
1	MFE	Monday	29319	96541	4857	0	0
1	MFR	Monday	41064	74439	5203	0	0
1	MGM	Monday	37674	70366	3236	0	0
1	MHT	Monday	137178	490535	25058	0	0
1	MIA	Monday	818248	2138904	82563	0	0
1	MIB	Monday	-191	174	12	0	0
1	MKE	Monday	238238	698019	30331	0	0
1	MKG	Monday	352	829	66	0	0
1	MKK	Monday	-416	274	38	0	0
1	MLB	Monday	23049	61203	2701	0	0
1	MLI	Monday	59331	129249	5914	0	0
1	MLU	Monday	24895	62356	3001	0	0
1	MOB	Monday	52618	126528	6018	0	0
1	MOD	Monday	22740	27771	1713	0	0
1	MOT	Monday	4715	24080	1385	0	0
1	MQT	Monday	9425	15491	859	0	0
1	MRY	Monday	33035	119299	7289	0	0
1	MSN	Monday	112950	276411	12071	0	0
1	MSO	Monday	8753	73485	4159	0	0
1	MSP	Monday	1571644	4809808	183422	0	0
1	MSY	Monday	322653	996590	58311	0	0
1	MTH	Monday	533	495	16	0	0
1	MTJ	Monday	7209	38568	2146	0	0
1	MYR	Monday	48299	128160	6383	0	0
1	OAJ	Monday	5450	7927	357	0	0
1	OAK	Monday	380747	1343141	87799	0	0
1	OGG	Monday	1263	247898	17904	0	0
1	OKC	Monday	165045	535380	29513	0	0
1	OMA	Monday	201089	563547	28451	0	0
1	OME	Monday	11684	12765	1265	0	0
1	ONT	Monday	195102	728974	47537	0	0
1	ORD	Monday	6360932	11477495	443547	0	0
1	ORF	Monday	178626	510661	25677	0	0
1	ORH	Monday	217	3270	158	0	0
1	OTH	Monday	2798	1266	74	0	0
1	OTZ	Monday	10892	12997	1306	0	0
1	OXR	Monday	-1041	24120	1405	0	0
1	PBI	Monday	241982	711559	33833	0	0
1	PDX	Monday	322705	1250119	72844	0	0
1	PFN	Monday	35140	52022	2555	0	0
1	PHF	Monday	60123	110126	4927	0	0
1	PHL	Monday	1398070	4228151	146112	0	0
1	PHX	Monday	1485994	4999922	243486	0	0
1	PIA	Monday	46352	98227	4328	0	0
1	PIE	Monday	2928	15721	772	0	0
1	PIH	Monday	-1056	23047	1566	0	0
1	PIR	Monday	187	68	3	0	0
1	PIT	Monday	567390	1987269	88361	0	0
1	PLN	Monday	280	2753	107	0	0
1	PMD	Monday	2459	3114	162	0	0
1	PNS	Monday	74910	195598	9766	0	0
1	PSC	Monday	4695	49871	3114	0	0
1	PSE	Monday	292	7750	362	0	0
1	PSG	Monday	6750	9031	863	0	0
1	PSP	Monday	68054	231485	12948	0	0
1	PUB	Monday	78	49	1	0	0
1	PVD	Monday	164334	672226	35423	0	0
1	PWM	Monday	110764	233923	10441	0	0
1	RAP	Monday	15155	76465	4303	0	0
1	RDD	Monday	17545	24270	1666	0	0
1	RDM	Monday	15330	39370	2763	0	0
1	RDR	Monday	-69	65	6	0	0
1	RDU	Monday	516275	1473335	70269	0	0
1	RFD	Monday	-39	5567	232	0	0
1	RHI	Monday	853	1305	67	0	0
1	RIC	Monday	192260	518791	23246	0	0
1	RKS	Monday	848	2598	136	0	0
1	RNO	Monday	193384	560499	35330	0	0
1	ROA	Monday	34399	87022	3906	0	0
1	ROC	Monday	198354	465458	20056	0	0
1	ROW	Monday	1613	2958	176	0	0
1	RST	Monday	29059	69979	3349	0	0
1	RSW	Monday	164431	587527	27451	0	0
1	SAN	Monday	459785	2113361	110832	0	0
1	SAT	Monday	241729	918372	53032	0	0
1	SAV	Monday	113187	299918	13377	0	0
1	SBA	Monday	47263	204368	12679	0	0
1	SBN	Monday	39440	82789	3781	0	0
1	SBP	Monday	26527	104764	5909	0	0
1	SCC	Monday	1543	6166	608	0	0
1	SCE	Monday	-1822	17788	919	0	0
1	SDF	Monday	188853	534599	28440	0	0
1	SEA	Monday	920112	2885680	136838	0	0
1	SFO	Monday	1236826	3763763	163333	0	0
1	SGF	Monday	85253	181689	8568	0	0
1	SGU	Monday	1558	40902	2763	0	0
1	SHV	Monday	47759	182347	9139	0	0
1	SIT	Monday	5908	24626	1665	0	0
1	SJC	Monday	324339	1539911	83191	0	0
1	SJT	Monday	511	46073	2376	0	0
1	SJU	Monday	162144	708954	30077	0	0
1	SLC	Monday	694293	3648888	155617	0	0
1	SLE	Monday	-778	2830	137	0	0
1	SMF	Monday	312457	970149	62805	0	0
1	SMX	Monday	-258	28430	1664	0	0
1	SNA	Monday	285805	1258269	62210	0	0
1	SOP	Monday	1568	1339	57	0	0
1	SPI	Monday	16098	16276	703	0	0
1	SPS	Monday	3099	58494	2503	0	0
1	SRQ	Monday	47437	153947	7313	0	0
1	STL	Monday	661709	2801991	129057	0	0
1	STT	Monday	11068	75034	3517	0	0
1	STX	Monday	5424	14631	634	0	0
1	SUN	Monday	-1376	33706	2516	0	0
1	SUX	Monday	133	4196	225	0	0
1	SWF	Monday	30477	76198	3182	0	0
1	SYR	Monday	131024	377459	15989	0	0
1	TEX	Monday	926	2169	92	0	0
1	TLH	Monday	36549	95962	4698	0	0
1	TOL	Monday	19698	79633	3825	0	0
1	TPA	Monday	507446	1773835	92460	0	0
1	TRI	Monday	16301	49726	2393	0	0
1	TTN	Monday	1731	3106	128	0	0
1	TUL	Monday	154740	530082	28951	0	0
1	TUP	Monday	2588	5016	274	0	0
1	TUS	Monday	111977	497170	27347	0	0
1	TVC	Monday	44866	80197	3601	0	0
1	TWF	Monday	4437	25095	1743	0	0
1	TXK	Monday	2762	32383	1666	0	0
1	TYR	Monday	6234	63175	2955	0	0
1	TYS	Monday	84088	311768	13384	0	0
1	VCT	Monday	695	5744	361	0	0
1	VIS	Monday	-758	2905	283	0	0
1	VLD	Monday	12623	17936	1021	0	0
1	VPS	Monday	59839	130644	6061	0	0
1	WRG	Monday	4398	9006	879	0	0
1	WYS	Monday	-765	2749	210	0	0
1	XNA	Monday	141903	311853	13277	0	0
1	YAK	Monday	3492	8708	894	0	0
1	YKM	Monday	1594	2134	111	0	0
1	YUM	Monday	10204	37619	2097	0	0
